BoneCount: 79
RootBone: 0
BoneName: RootNode
BoneIndex: 0
BoneParentIndex: -1
BoneChildrenCount: 14
1
2
3
4
5
6
7
8
9
10
11
12
13
14
1.000000 0.000000 -0.000000 0.000000
0.000000 1.000000 -0.000000 0.000000
-0.000000 -0.000000 1.000000 -0.000000
0.000000 0.000000 -0.000000 1.000000
1.000000 0.000000 0.000000 0.000000
0.000000 1.000000 0.000000 0.000000
0.000000 0.000000 1.000000 0.000000
0.000000 0.000000 0.000000 1.000000
BoneName: Sphere.001
BoneIndex: 1
BoneParentIndex: 0
BoneChildrenCount: 0
113.861404 0.000000 -0.000000 0.000000
0.000000 -0.000019 113.861404 0.000000
-0.000000 -113.861404 -0.000019 -0.000000
-10.208801 1329.283325 -4.848390 1.000000
1.000000 0.000000 0.000000 0.000000
0.000000 1.000000 0.000000 0.000000
0.000000 0.000000 1.000000 0.000000
0.000000 0.000000 0.000000 1.000000
BoneName: Cube
BoneIndex: 2
BoneParentIndex: 0
BoneChildrenCount: 0
45.076733 0.000000 -0.000000 0.000000
0.000000 -0.000009 54.527386 0.000000
-0.000000 -45.076733 -0.000007 -0.000000
-66.084206 161.590286 159.974091 1.000000
1.000000 0.000000 0.000000 0.000000
0.000000 1.000000 0.000000 0.000000
0.000000 0.000000 1.000000 0.000000
0.000000 0.000000 0.000000 1.000000
BoneName: Cube.002
BoneIndex: 3
BoneParentIndex: 0
BoneChildrenCount: 0
45.076733 0.000000 -0.000000 0.000000
0.000000 -0.000009 54.527386 0.000000
-0.000000 -45.076733 -0.000007 -0.000000
-66.084206 161.590286 130.320129 1.000000
1.000000 0.000000 0.000000 0.000000
0.000000 1.000000 0.000000 0.000000
0.000000 0.000000 1.000000 0.000000
0.000000 0.000000 0.000000 1.000000
BoneName: Cube.003
BoneIndex: 4
BoneParentIndex: 0
BoneChildrenCount: 0
45.076733 0.000000 -0.000000 0.000000
0.000000 -0.000009 54.527386 0.000000
-0.000000 -45.076733 -0.000007 -0.000000
-66.084206 161.590286 130.320129 1.000000
1.000000 0.000000 0.000000 0.000000
0.000000 1.000000 0.000000 0.000000
0.000000 0.000000 1.000000 0.000000
0.000000 0.000000 0.000000 1.000000
BoneName: Cube.004
BoneIndex: 5
BoneParentIndex: 0
BoneChildrenCount: 0
45.076733 0.000000 -0.000000 0.000000
0.000000 -0.000009 54.527386 0.000000
-0.000000 -45.076733 -0.000007 -0.000000
-66.084206 161.590286 130.320129 1.000000
1.000000 0.000000 0.000000 0.000000
0.000000 1.000000 0.000000 0.000000
0.000000 0.000000 1.000000 0.000000
0.000000 0.000000 0.000000 1.000000
BoneName: Cube.005
BoneIndex: 6
BoneParentIndex: 0
BoneChildrenCount: 0
45.076733 0.000000 -0.000000 0.000000
0.000000 -0.000009 54.527386 0.000000
-0.000000 -45.076733 -0.000007 -0.000000
-66.084206 161.590286 130.320129 1.000000
1.000000 0.000000 0.000000 0.000000
0.000000 1.000000 0.000000 0.000000
0.000000 0.000000 1.000000 0.000000
0.000000 0.000000 0.000000 1.000000
BoneName: Cube.006
BoneIndex: 7
BoneParentIndex: 0
BoneChildrenCount: 0
45.076733 0.000000 -0.000000 0.000000
0.000000 -0.000009 54.527386 0.000000
-0.000000 -45.076733 -0.000007 -0.000000
-66.084206 161.590286 130.320129 1.000000
1.000000 0.000000 0.000000 0.000000
0.000000 1.000000 0.000000 0.000000
0.000000 0.000000 1.000000 0.000000
0.000000 0.000000 0.000000 1.000000
BoneName: Cube.007
BoneIndex: 8
BoneParentIndex: 0
BoneChildrenCount: 0
45.076733 0.000000 -0.000000 0.000000
0.000000 -0.000009 54.527386 0.000000
-0.000000 -45.076733 -0.000007 -0.000000
-66.084206 161.590286 130.320129 1.000000
1.000000 0.000000 0.000000 0.000000
0.000000 1.000000 0.000000 0.000000
0.000000 0.000000 1.000000 0.000000
0.000000 0.000000 0.000000 1.000000
BoneName: Cube.009
BoneIndex: 9
BoneParentIndex: 0
BoneChildrenCount: 0
45.076733 0.000000 -0.000000 0.000000
0.000000 -0.000009 54.527386 0.000000
-0.000000 -45.076733 -0.000007 -0.000000
-66.084206 161.590286 130.320129 1.000000
1.000000 0.000000 0.000000 0.000000
0.000000 1.000000 0.000000 0.000000
0.000000 0.000000 1.000000 0.000000
0.000000 0.000000 0.000000 1.000000
BoneName: Cube.011
BoneIndex: 10
BoneParentIndex: 0
BoneChildrenCount: 0
45.076733 0.000000 -0.000000 0.000000
0.000000 -0.000009 54.527386 0.000000
-0.000000 -45.076733 -0.000007 -0.000000
-66.084206 161.590286 130.320129 1.000000
1.000000 0.000000 0.000000 0.000000
0.000000 1.000000 0.000000 0.000000
0.000000 0.000000 1.000000 0.000000
0.000000 0.000000 0.000000 1.000000
BoneName: Cube.014
BoneIndex: 11
BoneParentIndex: 0
BoneChildrenCount: 0
45.076733 0.000000 -0.000000 0.000000
0.000000 -0.000009 54.527386 0.000000
-0.000000 -45.076733 -0.000007 -0.000000
-66.084206 161.590286 130.320129 1.000000
1.000000 0.000000 0.000000 0.000000
0.000000 1.000000 0.000000 0.000000
0.000000 0.000000 1.000000 0.000000
0.000000 0.000000 0.000000 1.000000
BoneName: Cube.015
BoneIndex: 12
BoneParentIndex: 0
BoneChildrenCount: 0
45.076733 0.000000 -0.000000 0.000000
0.000000 -0.000009 54.527386 0.000000
-0.000000 -45.076733 -0.000007 -0.000000
-66.084206 161.590286 130.320129 1.000000
1.000000 0.000000 0.000000 0.000000
0.000000 1.000000 0.000000 0.000000
0.000000 0.000000 1.000000 0.000000
0.000000 0.000000 0.000000 1.000000
BoneName: Cube.016
BoneIndex: 13
BoneParentIndex: 0
BoneChildrenCount: 0
45.076733 0.000000 -0.000000 0.000000
0.000000 -0.000009 54.527386 0.000000
-0.000000 -45.076733 -0.000007 -0.000000
-66.084206 161.590286 107.020584 1.000000
1.000000 0.000000 0.000000 0.000000
0.000000 1.000000 0.000000 0.000000
0.000000 0.000000 1.000000 0.000000
0.000000 0.000000 0.000000 1.000000
BoneName: Armature
BoneIndex: 14
BoneParentIndex: 0
BoneChildrenCount: 1
15
100.000000 0.000000 -0.000000 0.000000
0.000000 -0.000016 100.000000 0.000000
-0.000000 -100.000000 -0.000016 -0.000000
-0.000000 636.009277 -5.080725 1.000000
1.000000 0.000000 0.000000 0.000000
0.000000 1.000000 0.000000 0.000000
0.000000 0.000000 1.000000 0.000000
0.000000 0.000000 0.000000 1.000000
BoneName: body
BoneIndex: 15
BoneParentIndex: 14
BoneChildrenCount: 5
16
33
51
69
74
1.000000 0.000000 -0.000000 0.000000
0.000000 -0.000000 -1.000000 0.000000
-0.000000 1.000000 -0.000000 -0.000000
-0.880659 0.000000 -0.000000 1.000000
0.450767 0.000000 -0.000000 0.000000
0.000000 0.000000 0.545274 0.000000
-0.000000 -0.450767 0.000000 -0.000000
0.219817 -4.744189 1.121013 1.000000
BoneName: head
BoneIndex: 16
BoneParentIndex: 15
BoneChildrenCount: 8
17
19
21
23
25
27
29
31
0.999875 -0.015823 0.000000 0.000000
0.015823 0.999875 0.000000 0.000000
-0.000000 -0.000000 1.000000 -0.000000
-0.017089 3.624563 -0.004343 1.000000
0.450711 0.007132 -0.000000 0.000000
0.000000 0.000000 0.545274 0.000000
0.007132 -0.450711 0.000000 -0.000000
0.369294 -8.363956 1.125356 1.000000
BoneName: lip
BoneIndex: 17
BoneParentIndex: 16
BoneChildrenCount: 1
18
0.961672 0.083718 0.261110 0.000000
-0.273567 0.357740 0.892852 0.000000
-0.018661 -0.930061 0.366931 -0.000000
2.596243 0.759672 1.420401 1.000000
0.434033 -0.120748 -0.015044 0.000000
0.142376 0.486849 0.200078 0.000000
-0.030874 -0.163188 0.419056 -0.000000
-2.982446 -2.918096 8.418827 1.000000
BoneName: lip_end
BoneIndex: 18
BoneParentIndex: 17
BoneChildrenCount: 0
1.000000 0.000000 -0.000000 0.000000
0.000000 1.000000 -0.000000 0.000000
-0.000000 -0.000000 1.000000 -0.000000
0.000000 0.445830 -0.000000 1.000000
1.000000 0.000000 0.000000 0.000000
0.000000 1.000000 0.000000 0.000000
0.000000 0.000000 1.000000 0.000000
0.000000 0.000000 0.000000 1.000000
BoneName: lip1
BoneIndex: 19
BoneParentIndex: 16
BoneChildrenCount: 1
20
0.993273 -0.004698 0.115698 0.000000
-0.076732 0.721603 0.688042 0.000000
-0.086720 -0.692291 0.716388 -0.000000
2.470343 0.923214 1.827099 1.000000
0.447646 -0.029437 -0.044024 0.000000
0.063087 0.375171 0.390628 0.000000
0.009202 -0.325781 0.311405 -0.000000
-2.124479 -7.023258 6.108912 1.000000
BoneName: lip1_end
BoneIndex: 20
BoneParentIndex: 19
BoneChildrenCount: 0
1.000000 0.000000 -0.000000 0.000000
0.000000 1.000000 -0.000000 0.000000
-0.000000 -0.000000 1.000000 -0.000000
0.000000 0.366217 -0.000000 1.000000
1.000000 0.000000 0.000000 0.000000
0.000000 1.000000 0.000000 0.000000
0.000000 0.000000 1.000000 0.000000
0.000000 0.000000 0.000000 1.000000
BoneName: lip2
BoneIndex: 21
BoneParentIndex: 16
BoneChildrenCount: 1
22
0.887634 0.115129 0.445927 0.000000
-0.458866 0.138381 0.877663 0.000000
0.039336 -0.983665 0.175661 -0.000000
2.807781 0.699517 1.029472 1.000000
0.400888 -0.205829 0.010713 0.000000
0.243152 0.478567 0.095783 0.000000
-0.045559 -0.065643 0.443629 -0.000000
-3.165195 -0.051125 8.836341 1.000000
BoneName: lip2_end
BoneIndex: 22
BoneParentIndex: 21
BoneChildrenCount: 0
1.000000 0.000000 -0.000000 0.000000
0.000000 1.000000 -0.000000 0.000000
-0.000000 -0.000000 1.000000 -0.000000
0.000000 0.432265 -0.000000 1.000000
1.000000 0.000000 0.000000 0.000000
0.000000 1.000000 0.000000 0.000000
0.000000 0.000000 1.000000 0.000000
0.000000 0.000000 0.000000 1.000000
BoneName: lip.001
BoneIndex: 23
BoneParentIndex: 16
BoneChildrenCount: 1
24
0.943236 0.103142 0.315702 0.000000
-0.329696 0.405515 0.852560 0.000000
-0.040087 -0.908251 0.416501 -0.000000
2.670995 0.791327 1.388485 1.000000
0.425862 -0.145705 -0.024546 0.000000
0.172144 0.464879 0.227107 0.000000
-0.039760 -0.185121 0.409073 -0.000000
-3.198412 -3.178072 8.297969 1.000000
BoneName: lip.001_end
BoneIndex: 24
BoneParentIndex: 23
BoneChildrenCount: 0
1.000000 0.000000 -0.000000 0.000000
0.000000 1.000000 -0.000000 0.000000
-0.000000 -0.000000 1.000000 -0.000000
0.000000 0.484792 -0.000000 1.000000
1.000000 0.000000 0.000000 0.000000
0.000000 1.000000 0.000000 0.000000
0.000000 0.000000 1.000000 0.000000
0.000000 0.000000 0.000000 1.000000
BoneName: lip1.001
BoneIndex: 25
BoneParentIndex: 16
BoneChildrenCount: 1
26
0.995362 -0.088397 0.037943 0.000000
0.030385 0.663155 0.747865 0.000000
-0.091271 -0.743244 0.662766 -0.000000
2.507226 0.991968 1.810436 1.000000
0.447990 0.018425 -0.046438 0.000000
0.020689 0.407791 0.361389 0.000000
0.046941 -0.298675 0.334337 -0.000000
-1.326976 -6.781741 6.694817 1.000000
BoneName: lip1.001_end
BoneIndex: 26
BoneParentIndex: 25
BoneChildrenCount: 0
1.000000 0.000000 -0.000000 0.000000
0.000000 1.000000 -0.000000 0.000000
-0.000000 -0.000000 1.000000 -0.000000
0.000000 0.348100 -0.000000 1.000000
1.000000 0.000000 0.000000 0.000000
0.000000 1.000000 0.000000 0.000000
0.000000 0.000000 1.000000 0.000000
0.000000 0.000000 0.000000 1.000000
BoneName: lip2.001
BoneIndex: 27
BoneParentIndex: 16
BoneChildrenCount: 1
28
0.898976 0.110415 0.423851 0.000000
-0.437827 0.199607 0.876621 0.000000
0.012189 -0.973635 0.227785 -0.000000
2.859764 0.703373 1.026158 1.000000
0.405966 -0.195910 -0.001451 0.000000
0.231115 0.477998 0.124205 0.000000
-0.043353 -0.093088 0.438915 -0.000000
-3.198000 -0.632548 8.820511 1.000000
BoneName: lip2.001_end
BoneIndex: 28
BoneParentIndex: 27
BoneChildrenCount: 0
1.000000 0.000000 -0.000000 0.000000
0.000000 1.000000 -0.000000 0.000000
-0.000000 -0.000000 1.000000 -0.000000
0.000000 0.417980 -0.000000 1.000000
1.000000 0.000000 0.000000 0.000000
0.000000 1.000000 0.000000 0.000000
0.000000 0.000000 1.000000 0.000000
0.000000 0.000000 0.000000 1.000000
BoneName: smile
BoneIndex: 29
BoneParentIndex: 16
BoneChildrenCount: 1
30
0.981202 0.057901 0.184092 0.000000
-0.180530 0.612513 0.769569 0.000000
-0.068200 -0.788337 0.611452 -0.000000
2.457531 1.230689 2.079440 1.000000
0.442651 -0.076998 -0.036361 0.000000
0.100380 0.419626 0.333409 0.000000
-0.019098 -0.277354 0.354826 -0.000000
-2.780161 -6.234087 7.122856 1.000000
BoneName: smile_end
BoneIndex: 30
BoneParentIndex: 29
BoneChildrenCount: 0
1.000000 0.000000 -0.000000 0.000000
0.000000 1.000000 -0.000000 0.000000
-0.000000 -0.000000 1.000000 -0.000000
0.000000 0.257122 -0.000000 1.000000
1.000000 0.000000 0.000000 0.000000
0.000000 1.000000 0.000000 0.000000
0.000000 0.000000 1.000000 0.000000
0.000000 0.000000 0.000000 1.000000
BoneName: smile.001
BoneIndex: 31
BoneParentIndex: 16
BoneChildrenCount: 1
32
0.793429 -0.173683 0.583357 0.000000
0.604038 0.106755 -0.789773 0.000000
0.074894 0.978998 0.189614 -0.000000
2.821504 0.700758 1.000660 1.000000
0.356368 0.273008 0.040738 0.000000
0.318089 -0.430643 0.103391 0.000000
0.083940 -0.043808 -0.440711 -0.000000
-0.298528 -2.547418 -9.034351 1.000000
BoneName: smile.001_end
BoneIndex: 32
BoneParentIndex: 31
BoneChildrenCount: 0
1.000000 0.000000 -0.000000 0.000000
0.000000 1.000000 -0.000000 0.000000
-0.000000 -0.000000 1.000000 -0.000000
0.000000 0.200650 -0.000000 1.000000
1.000000 0.000000 0.000000 0.000000
0.000000 1.000000 0.000000 0.000000
0.000000 0.000000 1.000000 0.000000
0.000000 0.000000 0.000000 1.000000
BoneName: arm1
BoneIndex: 33
BoneParentIndex: 15
BoneChildrenCount: 1
34
0.999933 0.000115 0.011559 0.000000
-0.011559 0.009942 0.999884 0.000000
-0.000000 -0.999951 0.009943 -0.000000
-0.051074 3.304460 1.665704 1.000000
0.450737 -0.005211 -0.000000 0.000000
0.006303 0.545210 0.005422 0.000000
-0.000052 -0.004482 0.450745 -0.000000
0.263652 -0.627781 8.042837 1.000000
BoneName: arm2
BoneIndex: 34
BoneParentIndex: 33
BoneChildrenCount: 1
35
0.999879 0.015562 -0.000079 0.000000
-0.015562 0.999869 -0.004474 0.000000
0.000009 0.004474 0.999990 -0.000000
0.020583 1.780539 0.007490 1.000000
0.450602 -0.012224 -0.000019 0.000000
0.014786 0.545017 0.007861 0.000000
-0.000157 -0.006497 0.450720 -0.000000
0.204927 -2.447734 8.024492 1.000000
BoneName: hand
BoneIndex: 35
BoneParentIndex: 34
BoneChildrenCount: 5
36
39
42
45
48
0.994919 0.100668 0.001075 0.000000
-0.100504 0.993801 -0.047525 0.000000
-0.005853 0.047176 0.998869 -0.000000
-0.019881 2.657089 0.038293 1.000000
0.447082 -0.057435 -0.003233 0.000000
0.069585 0.539778 0.033477 0.000000
-0.000326 -0.027861 0.449905 -0.000000
-0.281643 -5.475319 7.735030 1.000000
BoneName: finger1
BoneIndex: 36
BoneParentIndex: 35
BoneChildrenCount: 1
37
0.779167 -0.626425 0.022128 0.000000
0.556418 0.707483 0.435737 0.000000
-0.288612 -0.327200 0.899802 -0.000000
0.925171 1.829943 -0.049757 1.000000
0.384259 0.206722 -0.113149 0.000000
-0.283171 0.435190 -0.166576 0.000000
0.027155 0.176148 0.414036 -0.000000
3.808150 -2.447718 9.743347 1.000000
BoneName: finger2
BoneIndex: 37
BoneParentIndex: 36
BoneChildrenCount: 1
38
1.000000 0.000000 -0.000000 0.000000
0.000000 1.000000 -0.000000 0.000000
-0.000000 -0.000000 1.000000 -0.000000
0.003405 1.035103 -0.009943 1.000000
0.384259 0.206722 -0.113149 0.000000
-0.283171 0.435190 -0.166576 0.000000
0.027155 0.176148 0.414036 -0.000000
3.804746 -3.482822 9.753291 1.000000
BoneName: finger2_end
BoneIndex: 38
BoneParentIndex: 37
BoneChildrenCount: 0
1.000000 0.000000 -0.000000 0.000000
0.000000 1.000000 -0.000000 0.000000
-0.000000 -0.000000 1.000000 -0.000000
0.000000 1.036183 -0.000000 1.000000
1.000000 0.000000 0.000000 0.000000
0.000000 1.000000 0.000000 0.000000
0.000000 0.000000 1.000000 0.000000
0.000000 0.000000 0.000000 1.000000
BoneName: finger1.001
BoneIndex: 39
BoneParentIndex: 35
BoneChildrenCount: 1
40
0.923906 -0.334936 0.184975 0.000000
0.225006 0.866622 0.445352 0.000000
-0.309468 -0.369843 0.876040 -0.000000
0.351881 2.141636 -0.030869 1.000000
0.431700 0.049382 -0.119948 0.000000
-0.110309 0.498350 -0.191840 0.000000
0.092252 0.176148 0.404540 -0.000000
3.402374 -3.285006 9.816371 1.000000
BoneName: finger2.001
BoneIndex: 40
BoneParentIndex: 39
BoneChildrenCount: 1
41
1.000000 0.000000 -0.000000 0.000000
0.000000 1.000000 -0.000000 0.000000
-0.000000 -0.000000 1.000000 -0.000000
0.001790 1.035103 -0.010355 1.000000
0.431700 0.049382 -0.119948 0.000000
-0.110309 0.498350 -0.191840 0.000000
0.092252 0.176148 0.404540 -0.000000
3.400585 -4.320109 9.826724 1.000000
BoneName: finger2.001_end
BoneIndex: 41
BoneParentIndex: 40
BoneChildrenCount: 0
1.000000 0.000000 -0.000000 0.000000
0.000000 1.000000 -0.000000 0.000000
-0.000000 -0.000000 1.000000 -0.000000
0.000000 1.036183 -0.000000 1.000000
1.000000 0.000000 0.000000 0.000000
0.000000 1.000000 0.000000 0.000000
0.000000 0.000000 1.000000 0.000000
0.000000 0.000000 0.000000 1.000000
BoneName: finger1.002
BoneIndex: 42
BoneParentIndex: 35
BoneChildrenCount: 1
43
0.937763 -0.017200 0.346851 0.000000
-0.162863 0.860348 0.482988 0.000000
-0.306719 -0.509417 0.804001 -0.000000
-0.366145 2.171546 -0.029537 1.000000
0.419123 -0.123789 -0.110470 0.000000
0.067582 0.469233 -0.269400 0.000000
0.156224 0.193381 0.376017 -0.000000
2.903909 -2.842533 10.112246 1.000000
BoneName: finger2.002
BoneIndex: 43
BoneParentIndex: 42
BoneChildrenCount: 1
44
0.995533 0.094414 0.000060 0.000000
-0.094413 0.995531 0.001844 0.000000
0.000114 -0.001841 0.999998 -0.000000
-0.000335 0.942738 -0.010502 1.000000
0.405557 -0.163010 -0.110194 0.000000
0.111566 0.460259 -0.270255 0.000000
0.173806 0.178461 0.375678 -0.000000
2.534502 -4.023892 10.130028 1.000000
BoneName: finger2.002_end
BoneIndex: 44
BoneParentIndex: 43
BoneChildrenCount: 0
1.000000 0.000000 -0.000000 0.000000
0.000000 1.000000 -0.000000 0.000000
-0.000000 -0.000000 1.000000 -0.000000
0.000000 1.022752 -0.000000 1.000000
1.000000 0.000000 0.000000 0.000000
0.000000 1.000000 0.000000 0.000000
0.000000 0.000000 1.000000 0.000000
0.000000 0.000000 0.000000 1.000000
BoneName: finger1.003
BoneIndex: 45
BoneParentIndex: 35
BoneChildrenCount: 1
46
0.677557 0.434567 0.593354 0.000000
-0.651516 0.728967 0.210083 0.000000
-0.341240 -0.528922 0.777044 -0.000000
-0.921988 1.911004 -0.046074 1.000000
0.276046 -0.333828 -0.124696 0.000000
0.301582 0.355178 -0.283233 0.000000
0.254625 0.074420 0.364444 -0.000000
1.840962 -4.166901 9.734535 1.000000
BoneName: finger2.003
BoneIndex: 46
BoneParentIndex: 45
BoneChildrenCount: 1
47
0.999400 -0.031752 0.013804 0.000000
0.029969 0.992990 0.114337 0.000000
-0.017338 -0.113854 0.993346 -0.000000
-0.002481 0.891850 -0.010149 1.000000
0.284758 -0.337472 -0.090644 0.000000
0.286214 0.329342 -0.327015 0.000000
0.257140 0.123198 0.349131 -0.000000
2.137483 -3.853868 10.223845 1.000000
BoneName: finger2.003_end
BoneIndex: 47
BoneParentIndex: 46
BoneChildrenCount: 0
1.000000 0.000000 -0.000000 0.000000
0.000000 1.000000 -0.000000 0.000000
-0.000000 -0.000000 1.000000 -0.000000
0.000000 0.607792 -0.000000 1.000000
1.000000 0.000000 0.000000 0.000000
0.000000 1.000000 0.000000 0.000000
0.000000 0.000000 1.000000 0.000000
0.000000 0.000000 0.000000 1.000000
BoneName: finger1.004
BoneIndex: 48
BoneParentIndex: 35
BoneChildrenCount: 1
49
0.314770 -0.916342 -0.247462 0.000000
0.865169 0.169761 0.471872 0.000000
-0.390387 -0.362628 0.846226 -0.000000
1.138044 0.549162 0.269387 1.000000
0.194158 0.375526 -0.156443 0.000000
-0.481003 0.167633 -0.194575 0.000000
-0.085907 0.207286 0.390952 -0.000000
3.226146 1.271840 9.056498 1.000000
BoneName: finger2.004
BoneIndex: 49
BoneParentIndex: 48
BoneChildrenCount: 1
50
0.999784 0.020586 -0.002739 0.000000
-0.020663 0.999267 -0.032222 0.000000
0.002073 0.032272 0.999477 -0.000000
0.006076 0.878609 -0.008427 1.000000
0.202275 0.376279 -0.143840 0.000000
-0.476915 0.183719 -0.190060 0.000000
-0.082692 0.196312 0.397259 -0.000000
3.202644 0.034316 9.079550 1.000000
BoneName: finger2.004_end
BoneIndex: 50
BoneParentIndex: 49
BoneChildrenCount: 0
1.000000 0.000000 -0.000000 0.000000
0.000000 1.000000 -0.000000 0.000000
-0.000000 -0.000000 1.000000 -0.000000
0.000000 0.929750 -0.000000 1.000000
1.000000 0.000000 0.000000 0.000000
0.000000 1.000000 0.000000 0.000000
0.000000 0.000000 1.000000 0.000000
0.000000 0.000000 0.000000 1.000000
BoneName: arm1.001
BoneIndex: 51
BoneParentIndex: 15
BoneChildrenCount: 1
52
-0.149635 0.988674 0.011561 0.000000
-0.011559 0.009942 -0.999884 0.000000
-0.988674 -0.149751 0.009941 -0.000000
-0.051074 3.304460 -1.528746 1.000000
-0.067450 -0.005211 -0.445662 0.000000
0.006304 -0.545210 0.005420 0.000000
-0.445662 -0.004482 0.067503 -0.000000
-7.967390 -2.732604 0.963812 1.000000
BoneName: arm2.001
BoneIndex: 52
BoneParentIndex: 51
BoneChildrenCount: 1
53
0.903290 -0.012412 0.428850 0.000000
0.006752 0.999869 0.014718 0.000000
-0.428977 -0.010399 0.903256 -0.000000
-0.010486 1.780539 -0.019231 1.000000
-0.251985 -0.012224 -0.373558 0.000000
0.014786 -0.545017 0.007861 0.000000
-0.373558 -0.006497 0.252198 -0.000000
-6.709796 -4.551810 4.348197 1.000000
BoneName: hand.001
BoneIndex: 53
BoneParentIndex: 52
BoneChildrenCount: 5
54
57
60
63
66
0.992256 -0.099687 0.074099 0.000000
0.095606 0.993801 0.056738 0.000000
-0.079296 -0.049215 0.995636 -0.000000
-0.020626 2.657088 0.037897 1.000000
-0.276495 -0.057435 -0.351344 0.000000
0.069585 -0.539778 0.033477 0.000000
-0.351330 -0.027861 0.281038 -0.000000
-5.599342 -7.559172 5.176696 1.000000
BoneName: finger1.005
BoneIndex: 54
BoneParentIndex: 53
BoneChildrenCount: 1
55
0.701724 0.590332 -0.398863 0.000000
-0.687721 0.707483 -0.162815 0.000000
0.186073 0.388558 0.902441 -0.000000
-0.538517 1.829942 -0.753934 1.000000
-0.087791 0.206722 -0.390833 0.000000
-0.283171 -0.435190 -0.166576 0.000000
-0.375080 0.176148 0.177422 -0.000000
-11.459499 -4.127801 0.762147 1.000000
BoneName: finger2.005
BoneIndex: 55
BoneParentIndex: 54
BoneChildrenCount: 1
56
1.000000 0.000000 -0.000000 0.000000
0.000000 1.000000 -0.000000 0.000000
-0.000000 -0.000000 1.000000 -0.000000
0.007036 1.035104 -0.007806 1.000000
-0.087791 0.206722 -0.390833 0.000000
-0.283171 -0.435190 -0.166576 0.000000
-0.375080 0.176148 0.177422 -0.000000
-11.466537 -5.162904 0.769958 1.000000
BoneName: finger2.005_end
BoneIndex: 56
BoneParentIndex: 55
BoneChildrenCount: 0
1.000000 0.000000 -0.000000 0.000000
0.000000 1.000000 -0.000000 0.000000
-0.000000 -0.000000 1.000000 -0.000000
0.000000 1.036183 -0.000000 1.000000
1.000000 0.000000 0.000000 0.000000
0.000000 1.000000 0.000000 0.000000
0.000000 0.000000 1.000000 0.000000
0.000000 0.000000 0.000000 1.000000
BoneName: finger1.006
BoneIndex: 57
BoneParentIndex: 53
BoneChildrenCount: 1
58
0.061891 0.151150 -0.986571 0.000000
-0.488400 0.866622 0.102134 0.000000
0.870422 0.475521 0.127458 -0.000000
-0.195487 2.141636 -0.294207 1.000000
0.320832 0.049382 -0.312761 0.000000
-0.110309 -0.498350 -0.191840 0.000000
-0.303220 0.176148 -0.283233 -0.000000
-7.198164 -5.208924 -8.619259 1.000000
BoneName: finger2.006
BoneIndex: 58
BoneParentIndex: 57
BoneChildrenCount: 1
59
1.000000 0.000000 -0.000000 0.000000
0.000000 1.000000 -0.000000 0.000000
-0.000000 -0.000000 1.000000 -0.000000
0.009850 1.035104 0.003663 1.000000
0.320832 0.049382 -0.312761 0.000000
-0.110309 -0.498350 -0.191840 0.000000
-0.303220 0.176148 -0.283233 -0.000000
-7.208017 -6.244027 -8.622920 1.000000
BoneName: finger2.006_end
BoneIndex: 59
BoneParentIndex: 58
BoneChildrenCount: 0
1.000000 0.000000 -0.000000 0.000000
0.000000 1.000000 -0.000000 0.000000
-0.000000 -0.000000 1.000000 -0.000000
0.000000 1.036183 -0.000000 1.000000
1.000000 0.000000 0.000000 0.000000
0.000000 1.000000 0.000000 0.000000
0.000000 0.000000 1.000000 0.000000
0.000000 0.000000 0.000000 1.000000
BoneName: finger1.007
BoneIndex: 60
BoneParentIndex: 53
BoneChildrenCount: 1
61
-0.961042 -0.255617 -0.105154 0.000000
-0.275740 0.860348 0.428683 0.000000
-0.019110 0.440978 -0.897315 -0.000000
0.251588 2.171546 0.267653 1.000000
0.317350 -0.123789 0.295223 0.000000
0.067582 -0.469234 -0.269400 0.000000
0.315212 0.193381 -0.257752 -0.000000
7.594129 -4.654044 -8.584174 1.000000
BoneName: finger2.007
BoneIndex: 61
BoneParentIndex: 60
BoneChildrenCount: 1
62
0.955132 0.065621 -0.288818 0.000000
-0.082364 0.995531 -0.046190 0.000000
0.284497 0.067906 0.956269 -0.000000
-0.005252 0.942738 0.009100 1.000000
0.209723 -0.163010 0.364191 0.000000
0.111566 -0.460259 -0.270255 0.000000
0.388203 0.178461 -0.143672 -0.000000
9.373045 -5.800757 -6.435538 1.000000
BoneName: finger2.007_end
BoneIndex: 62
BoneParentIndex: 61
BoneChildrenCount: 0
1.000000 0.000000 -0.000000 0.000000
0.000000 1.000000 -0.000000 0.000000
-0.000000 -0.000000 1.000000 -0.000000
0.000000 1.022752 -0.000000 1.000000
1.000000 0.000000 0.000000 0.000000
0.000000 1.000000 0.000000 0.000000
0.000000 0.000000 1.000000 0.000000
0.000000 0.000000 0.000000 1.000000
BoneName: finger1.008
BoneIndex: 63
BoneParentIndex: 53
BoneChildrenCount: 1
64
-0.337827 -0.555125 0.760072 0.000000
0.242460 0.728967 0.640172 0.000000
-0.909443 0.400554 -0.111669 -0.000000
0.611409 1.911003 0.691640 1.000000
-0.141756 -0.333828 0.267685 0.000000
0.301582 -0.355178 -0.283233 0.000000
0.347764 0.074420 0.276971 -0.000000
10.764254 -5.538090 1.354165 1.000000
BoneName: finger2.008
BoneIndex: 64
BoneParentIndex: 63
BoneChildrenCount: 1
65
0.977255 -0.117057 0.176834 0.000000
0.112233 0.992990 0.037078 0.000000
-0.179934 -0.016388 0.983542 -0.000000
-0.009974 0.891850 -0.003111 1.000000
-0.052119 -0.337472 0.294257 0.000000
0.286213 -0.329342 -0.327015 0.000000
0.380121 0.123198 0.208618 -0.000000
11.521852 -5.125317 -0.498340 1.000000
BoneName: finger2.008_end
BoneIndex: 65
BoneParentIndex: 64
BoneChildrenCount: 0
1.000000 0.000000 -0.000000 0.000000
0.000000 1.000000 -0.000000 0.000000
-0.000000 -0.000000 1.000000 -0.000000
0.000000 0.607792 -0.000000 1.000000
1.000000 0.000000 0.000000 0.000000
0.000000 1.000000 0.000000 0.000000
0.000000 0.000000 1.000000 0.000000
0.000000 0.000000 0.000000 1.000000
BoneName: finger1.009
BoneIndex: 66
BoneParentIndex: 53
BoneChildrenCount: 1
67
0.292538 0.910745 -0.291487 0.000000
-0.908644 0.169761 -0.381505 0.000000
-0.297971 0.376463 0.877205 -0.000000
-0.920733 0.549162 -0.721086 1.000000
-0.030781 0.375525 -0.247435 0.000000
-0.481003 -0.167633 -0.194574 0.000000
-0.210071 0.207286 0.340725 -0.000000
-10.472424 0.624681 3.515169 1.000000
BoneName: finger2.009
BoneIndex: 67
BoneParentIndex: 66
BoneChildrenCount: 1
68
0.999227 -0.037140 0.012902 0.000000
0.037255 0.999267 -0.008793 0.000000
-0.012566 0.009267 0.999878 -0.000000
0.001493 0.878609 -0.010281 1.000000
-0.047897 0.376279 -0.243538 0.000000
-0.476915 -0.183719 -0.190060 0.000000
-0.213211 0.196312 0.345245 -0.000000
-10.410905 -0.674944 3.654279 1.000000
BoneName: finger2.009_end
BoneIndex: 68
BoneParentIndex: 67
BoneChildrenCount: 0
1.000000 0.000000 -0.000000 0.000000
0.000000 1.000000 -0.000000 0.000000
-0.000000 -0.000000 1.000000 -0.000000
0.000000 0.929750 -0.000000 1.000000
1.000000 0.000000 0.000000 0.000000
0.000000 1.000000 0.000000 0.000000
0.000000 0.000000 1.000000 0.000000
0.000000 0.000000 0.000000 1.000000
BoneName: leg1
BoneIndex: 69
BoneParentIndex: 15
BoneChildrenCount: 1
70
1.000000 0.000000 -0.000000 0.000000
0.000000 -0.975741 0.218927 0.000000
-0.000000 -0.218927 -0.975741 -0.000000
0.000000 0.212661 0.846241 1.000000
0.450767 0.000000 -0.000000 0.000000
0.000000 0.119375 -0.532050 0.000000
-0.000000 0.439832 0.098685 -0.000000
0.219817 4.896759 0.817082 1.000000
BoneName: leg2
BoneIndex: 70
BoneParentIndex: 69
BoneChildrenCount: 1
71
1.000000 0.000000 -0.000000 0.000000
0.000000 0.999989 -0.004700 0.000000
-0.000000 0.004700 0.999989 -0.000000
0.000000 1.453037 0.003230 1.000000
0.450767 0.000000 -0.000000 0.000000
0.000000 0.121875 -0.531483 0.000000
-0.000000 0.439364 0.100751 -0.000000
0.219817 3.439858 0.830028 1.000000
BoneName: foot
BoneIndex: 71
BoneParentIndex: 70
BoneChildrenCount: 1
72
0.141132 -0.963271 -0.228452 0.000000
0.989987 0.136717 0.035120 0.000000
-0.002597 -0.231121 0.972922 -0.000000
-0.741350 3.589398 0.236346 1.000000
0.063618 0.446254 -0.001171 0.000000
0.004020 -0.002004 -0.545259 0.000000
-0.446243 0.063607 -0.003523 -0.000000
0.144071 0.951948 0.609671 1.000000
BoneName: toe
BoneIndex: 72
BoneParentIndex: 71
BoneChildrenCount: 1
73
0.998115 0.061366 0.000022 0.000000
-0.061366 0.998115 0.000694 0.000000
0.000020 -0.000694 1.000000 -0.000000
0.009407 3.442730 -0.012580 1.000000
0.090882 0.441508 -0.001479 0.000000
0.003877 -0.002625 -0.545257 0.000000
-0.441499 0.090869 -0.003576 -0.000000
-0.018426 -2.493919 0.623983 1.000000
BoneName: toe_end
BoneIndex: 73
BoneParentIndex: 72
BoneChildrenCount: 0
1.000000 0.000000 -0.000000 0.000000
0.000000 1.000000 -0.000000 0.000000
-0.000000 -0.000000 1.000000 -0.000000
0.000000 2.640130 -0.000000 1.000000
1.000000 0.000000 0.000000 0.000000
0.000000 1.000000 0.000000 0.000000
0.000000 0.000000 1.000000 0.000000
0.000000 0.000000 0.000000 1.000000
BoneName: leg1.001
BoneIndex: 74
BoneParentIndex: 15
BoneChildrenCount: 1
75
1.000000 0.000000 -0.000000 0.000000
0.000000 -0.975741 -0.218927 0.000000
-0.000000 0.218927 -0.975741 -0.000000
0.000000 0.212661 -0.827003 1.000000
0.450767 0.000000 -0.000000 0.000000
0.000000 -0.119375 -0.532049 0.000000
-0.000000 0.439832 -0.098685 -0.000000
0.219817 4.410131 -2.985959 1.000000
BoneName: leg2.001
BoneIndex: 75
BoneParentIndex: 74
BoneChildrenCount: 1
76
1.000000 0.000000 0.000000 0.000000
-0.000000 0.999989 0.004700 0.000000
-0.000000 -0.004700 0.999989 -0.000000
0.000000 1.453037 -0.003230 1.000000
0.450767 -0.000000 -0.000000 0.000000
-0.000000 -0.121874 -0.531482 0.000000
-0.000000 0.439364 -0.100751 -0.000000
0.219816 2.943043 -2.996594 1.000000
BoneName: foot.001
BoneIndex: 76
BoneParentIndex: 75
BoneChildrenCount: 1
77
0.141078 -0.966574 0.214084 0.000000
0.989987 0.136717 -0.035120 0.000000
0.004678 0.216895 0.976184 -0.000000
-0.741350 3.589399 -0.236346 1.000000
0.063593 0.446254 0.002108 0.000000
0.004019 0.002003 -0.545258 0.000000
-0.446247 0.063607 -0.003056 -0.000000
0.169426 0.960115 -2.830205 1.000000
BoneName: toe.001
BoneIndex: 77
BoneParentIndex: 76
BoneChildrenCount: 1
78
0.998116 0.061350 0.000471 0.000000
-0.061349 0.998115 -0.001599 0.000000
-0.000568 0.001567 0.999999 -0.000000
0.009221 3.442730 0.012717 1.000000
0.090852 0.441508 0.002771 0.000000
0.003877 0.002625 -0.545257 0.000000
-0.441505 0.090869 -0.002702 -0.000000
0.006255 -2.483218 -2.846899 1.000000
BoneName: toe.001_end
BoneIndex: 78
BoneParentIndex: 77
BoneChildrenCount: 0
1.000000 0.000000 -0.000000 0.000000
0.000000 1.000000 -0.000000 0.000000
-0.000000 -0.000000 1.000000 -0.000000
0.000000 2.640130 -0.000000 1.000000
1.000000 0.000000 0.000000 0.000000
0.000000 1.000000 0.000000 0.000000
0.000000 0.000000 1.000000 0.000000
0.000000 0.000000 0.000000 1.000000
