BoneCount: 114
RootBone: 0
BoneName: RootNode
BoneIndex: 0
BoneParentIndex: -1
BoneChildrenCount: 2
1
113
1.000000 0.000000 -0.000000 0.000000
0.000000 1.000000 -0.000000 0.000000
-0.000000 -0.000000 1.000000 -0.000000
0.000000 0.000000 -0.000000 1.000000
1.000000 0.000000 0.000000 0.000000
0.000000 1.000000 0.000000 0.000000
0.000000 0.000000 1.000000 0.000000
0.000000 0.000000 0.000000 1.000000
BoneName: Armature
BoneIndex: 1
BoneParentIndex: 0
BoneChildrenCount: 1
2
100.000000 0.000000 -0.000000 0.000000
0.000000 -0.000016 100.000000 0.000000
-0.000000 -100.000000 -0.000016 -0.000000
0.000000 0.000000 -0.000000 1.000000
1.000000 0.000000 0.000000 0.000000
0.000000 1.000000 0.000000 0.000000
0.000000 0.000000 1.000000 0.000000
0.000000 0.000000 0.000000 1.000000
BoneName: Hips
BoneIndex: 2
BoneParentIndex: 1
BoneChildrenCount: 4
3
9
15
18
1.000000 0.000000 -0.000000 0.000000
0.000000 0.000000 1.000000 0.000000
-0.000000 -1.000000 0.000000 -0.000000
0.000000 0.000000 -0.414925 1.000000
1.000000 0.000000 -0.000000 0.000000
0.000000 0.000000 -1.000000 0.000000
-0.000000 1.000000 0.000000 -0.000000
-0.000000 0.414925 0.000000 1.000000
BoneName: Left leg
BoneIndex: 3
BoneParentIndex: 2
BoneChildrenCount: 2
4
7
1.000000 0.000000 0.000000 0.000000
0.000000 -1.000000 -0.000000 0.000000
0.000000 0.000000 -1.000000 -0.000000
0.042433 0.056170 0.000000 1.000000
1.000000 0.000000 0.000000 0.000000
-0.000000 -0.000000 1.000000 0.000000
-0.000000 -1.000000 0.000000 -0.000000
-0.042433 -0.358755 -0.000000 1.000000
BoneName: Left knee
BoneIndex: 4
BoneParentIndex: 3
BoneChildrenCount: 1
5
1.000000 -0.000000 0.000000 0.000000
-0.000000 -0.994169 0.107831 0.000000
0.000000 -0.107831 -0.994169 -0.000000
0.000000 -0.130473 -0.013425 1.000000
1.000000 -0.000000 0.000000 0.000000
0.000000 0.107831 -0.994161 0.000000
0.000000 0.994169 0.107831 -0.000000
-0.042433 0.228399 0.011269 1.000000
BoneName: Left ankle
BoneIndex: 5
BoneParentIndex: 4
BoneChildrenCount: 1
6
1.000000 -0.000002 0.000000 0.000000
0.000000 0.435945 0.899974 0.000000
-0.000002 -0.899974 0.435945 -0.000000
0.000000 0.132211 0.000000 1.000000
1.000000 0.000000 -0.000001 0.000000
-0.000000 -0.847711 -0.530444 0.000000
-0.000001 0.530448 -0.847718 -0.000000
-0.042434 0.052075 -0.081653 1.000000
BoneName: Left ankle_end
BoneIndex: 6
BoneParentIndex: 5
BoneChildrenCount: 0
1.000000 0.000000 -0.000000 0.000000
0.000000 1.000000 -0.000000 0.000000
-0.000000 -0.000000 1.000000 -0.000000
0.000000 0.178773 -0.000000 1.000000
1.000000 0.000000 0.000000 0.000000
0.000000 1.000000 0.000000 0.000000
0.000000 0.000000 1.000000 0.000000
0.000000 0.000000 0.000000 1.000000
BoneName: Left leg 2
BoneIndex: 7
BoneParentIndex: 3
BoneChildrenCount: 1
8
1.000000 0.000000 0.000000 0.000000
0.000000 -0.994748 -0.102353 0.000000
0.000000 0.102353 -0.994748 -0.000000
0.000000 0.000000 -0.000000 1.000000
1.000000 0.000000 -0.000000 0.000000
-0.000000 -0.102351 -0.994725 0.000000
-0.000000 0.994748 -0.102351 -0.000000
-0.042433 0.356871 -0.036719 1.000000
BoneName: Left leg 2_end
BoneIndex: 8
BoneParentIndex: 7
BoneChildrenCount: 0
1.000000 0.000000 -0.000000 0.000000
0.000000 1.000000 -0.000000 0.000000
-0.000000 -0.000000 1.000000 -0.000000
0.000000 0.131162 -0.000000 1.000000
1.000000 0.000000 0.000000 0.000000
0.000000 1.000000 0.000000 0.000000
0.000000 0.000000 1.000000 0.000000
0.000000 0.000000 0.000000 1.000000
BoneName: Right leg
BoneIndex: 9
BoneParentIndex: 2
BoneChildrenCount: 2
10
13
1.000000 0.000000 0.000000 0.000000
0.000000 -1.000000 -0.000000 0.000000
0.000000 0.000000 -1.000000 -0.000000
-0.042433 0.056170 0.000000 1.000000
1.000000 0.000000 0.000000 0.000000
-0.000000 -0.000000 1.000000 0.000000
-0.000000 -1.000000 0.000000 -0.000000
0.042433 -0.358755 -0.000000 1.000000
BoneName: Right knee
BoneIndex: 10
BoneParentIndex: 9
BoneChildrenCount: 1
11
1.000000 0.000000 0.000000 0.000000
0.000000 -0.994168 0.107839 0.000000
0.000000 -0.107839 -0.994168 -0.000000
-0.000000 -0.130473 -0.013426 1.000000
1.000000 0.000000 -0.000000 0.000000
-0.000000 0.107839 -0.994171 0.000000
-0.000000 0.994169 0.107839 -0.000000
0.042433 0.228399 0.011270 1.000000
BoneName: Right ankle
BoneIndex: 11
BoneParentIndex: 10
BoneChildrenCount: 1
12
1.000000 0.000002 -0.000000 0.000000
-0.000000 0.435940 0.899975 0.000000
0.000002 -0.899975 0.435940 -0.000000
0.000000 0.132211 -0.000000 1.000000
1.000000 -0.000000 0.000001 0.000000
0.000000 -0.847718 -0.530452 0.000000
0.000001 0.530451 -0.847716 -0.000000
0.042434 0.052075 -0.081653 1.000000
BoneName: Right ankle_end
BoneIndex: 12
BoneParentIndex: 11
BoneChildrenCount: 0
1.000000 0.000000 -0.000000 0.000000
0.000000 1.000000 -0.000000 0.000000
-0.000000 -0.000000 1.000000 -0.000000
0.000000 0.178773 -0.000000 1.000000
1.000000 0.000000 0.000000 0.000000
0.000000 1.000000 0.000000 0.000000
0.000000 0.000000 1.000000 0.000000
0.000000 0.000000 0.000000 1.000000
BoneName: Right leg 2
BoneIndex: 13
BoneParentIndex: 9
BoneChildrenCount: 1
14
1.000000 -0.000000 0.000000 0.000000
-0.000000 -0.994747 -0.102361 0.000000
0.000000 0.102361 -0.994747 -0.000000
0.000000 0.000000 -0.000000 1.000000
1.000000 -0.000000 0.000000 0.000000
0.000000 -0.102361 -0.994746 0.000000
0.000000 0.994747 -0.102361 -0.000000
0.042433 0.356871 -0.036722 1.000000
BoneName: Right leg 2_end
BoneIndex: 14
BoneParentIndex: 13
BoneChildrenCount: 0
1.000000 0.000000 -0.000000 0.000000
0.000000 1.000000 -0.000000 0.000000
-0.000000 -0.000000 1.000000 -0.000000
0.000000 0.131162 -0.000000 1.000000
1.000000 0.000000 0.000000 0.000000
0.000000 1.000000 0.000000 0.000000
0.000000 0.000000 1.000000 0.000000
0.000000 0.000000 0.000000 1.000000
BoneName: Tail1
BoneIndex: 15
BoneParentIndex: 2
BoneChildrenCount: 1
16
1.000000 0.000000 0.000000 0.000000
0.000000 -0.009839 -0.999952 0.000000
0.000000 0.999952 -0.009839 -0.000000
-0.000000 0.038039 -0.034718 1.000000
1.000000 0.000000 0.000000 0.000000
-0.000000 0.999952 0.009839 0.000000
0.000000 -0.009839 0.999952 -0.000000
0.000000 -0.038425 0.376526 1.000000
BoneName: Tail2
BoneIndex: 16
BoneParentIndex: 15
BoneChildrenCount: 1
17
1.000000 0.000000 -0.000000 0.000000
-0.000000 0.998634 0.052241 0.000000
0.000000 -0.052241 0.998634 -0.000000
-0.000000 0.038604 -0.000000 1.000000
1.000000 -0.000000 0.000000 0.000000
0.000000 0.999100 -0.042413 0.000000
0.000000 0.042413 0.999100 -0.000000
-0.000000 -0.057254 0.380036 1.000000
BoneName: Tail2_end
BoneIndex: 17
BoneParentIndex: 16
BoneChildrenCount: 0
1.000000 0.000000 -0.000000 0.000000
0.000000 1.000000 -0.000000 0.000000
-0.000000 -0.000000 1.000000 -0.000000
0.000000 0.038604 -0.000000 1.000000
1.000000 0.000000 0.000000 0.000000
0.000000 1.000000 0.000000 0.000000
0.000000 0.000000 1.000000 0.000000
0.000000 0.000000 0.000000 1.000000
BoneName: Spine
BoneIndex: 18
BoneParentIndex: 2
BoneChildrenCount: 1
19
1.000000 0.000000 0.000000 0.000000
0.000000 -1.000000 -0.000001 0.000000
0.000000 0.000001 -1.000000 -0.000000
0.000000 0.000000 -0.000000 1.000000
1.000000 0.000000 0.000000 0.000000
-0.000000 0.000001 1.000000 0.000000
-0.000000 -1.000000 0.000001 -0.000000
-0.000000 -0.414925 0.000000 1.000000
BoneName: Chest
BoneIndex: 19
BoneParentIndex: 18
BoneChildrenCount: 3
20
65
89
1.000000 0.000000 -0.000000 0.000000
0.000000 1.000000 -0.000000 0.000000
-0.000000 -0.000000 1.000000 -0.000000
0.000000 0.053827 -0.000000 1.000000
1.000000 0.000000 0.000000 0.000000
-0.000000 0.000000 1.000000 0.000000
0.000000 -1.000000 0.000000 -0.000000
0.000000 -0.468752 -0.000000 1.000000
BoneName: Neck
BoneIndex: 20
BoneParentIndex: 19
BoneChildrenCount: 1
21
1.000000 0.000000 -0.000000 0.000000
0.000000 1.000000 -0.000000 0.000000
-0.000000 -0.000000 1.000000 -0.000000
0.000000 0.071310 0.000000 1.000000
1.000000 0.000001 0.000001 0.000000
-0.000001 -0.000004 1.000000 0.000000
0.000001 -1.000000 -0.000004 -0.000000
0.000001 -0.540061 -0.000002 1.000000
BoneName: Head
BoneIndex: 21
BoneParentIndex: 20
BoneChildrenCount: 8
22
24
26
28
30
32
37
42
1.000000 0.000000 -0.000000 0.000000
0.000000 1.000000 -0.000000 0.000000
-0.000000 -0.000000 1.000000 -0.000000
0.000000 0.016357 0.000000 1.000000
1.000000 0.000000 0.000000 0.000000
-0.000000 -0.000000 1.000000 0.000000
0.000000 -1.000000 -0.000000 -0.000000
-0.000000 -0.556418 -0.000000 1.000000
BoneName: Cap
BoneIndex: 22
BoneParentIndex: 21
BoneChildrenCount: 1
23
1.000000 0.000000 -0.000000 0.000000
0.000000 1.000000 -0.000000 0.000000
-0.000000 -0.000000 1.000000 -0.000000
0.003403 0.209761 0.020222 1.000000
1.000000 -0.000000 -0.000000 0.000000
-0.000000 0.000000 1.000000 0.000000
0.000000 -1.000000 0.000000 -0.000000
-0.003403 -0.766179 -0.020222 1.000000
BoneName: Cap_end
BoneIndex: 23
BoneParentIndex: 22
BoneChildrenCount: 0
1.000000 0.000000 -0.000000 0.000000
0.000000 1.000000 -0.000000 0.000000
-0.000000 -0.000000 1.000000 -0.000000
0.000000 0.015600 -0.000000 1.000000
1.000000 0.000000 0.000000 0.000000
0.000000 1.000000 0.000000 0.000000
0.000000 0.000000 1.000000 0.000000
0.000000 0.000000 0.000000 1.000000
BoneName: Eye_R
BoneIndex: 24
BoneParentIndex: 21
BoneChildrenCount: 1
25
-0.999990 0.000000 0.004363 0.000000
-0.004363 0.000001 -0.999990 0.000000
-0.000000 -1.000000 -0.000001 -0.000000
-0.044834 0.092639 -0.027064 1.000000
-0.999990 -0.004363 -0.000000 0.000000
0.004363 -0.999990 -0.000000 0.000000
-0.000000 -0.000000 1.000000 -0.000000
-0.044716 -0.027260 0.649057 1.000000
BoneName: Eye_R_end
BoneIndex: 25
BoneParentIndex: 24
BoneChildrenCount: 0
1.000000 0.000000 -0.000000 0.000000
0.000000 1.000000 -0.000000 0.000000
-0.000000 -0.000000 1.000000 -0.000000
0.000000 0.087083 -0.000000 1.000000
1.000000 0.000000 0.000000 0.000000
0.000000 1.000000 0.000000 0.000000
0.000000 0.000000 1.000000 0.000000
0.000000 0.000000 0.000000 1.000000
BoneName: Eye_L
BoneIndex: 26
BoneParentIndex: 21
BoneChildrenCount: 1
27
-0.999990 -0.000000 -0.004363 0.000000
0.004363 0.000001 -0.999990 0.000000
0.000000 -1.000000 -0.000001 -0.000000
0.044834 0.092639 -0.027064 1.000000
-0.999990 0.004363 0.000000 0.000000
-0.004363 -0.999990 -0.000000 0.000000
0.000000 -0.000000 1.000000 -0.000000
0.044716 -0.027260 0.649057 1.000000
BoneName: Eye_L_end
BoneIndex: 27
BoneParentIndex: 26
BoneChildrenCount: 0
1.000000 0.000000 -0.000000 0.000000
0.000000 1.000000 -0.000000 0.000000
-0.000000 -0.000000 1.000000 -0.000000
0.000000 0.087083 -0.000000 1.000000
1.000000 0.000000 0.000000 0.000000
0.000000 1.000000 0.000000 0.000000
0.000000 0.000000 1.000000 0.000000
0.000000 0.000000 0.000000 1.000000
BoneName: LeftEye
BoneIndex: 28
BoneParentIndex: 21
BoneChildrenCount: 1
29
1.000000 0.000000 -0.000000 0.000000
0.000000 1.000000 -0.000000 0.000000
-0.000000 -0.000000 1.000000 -0.000000
0.044257 0.092270 -0.038681 1.000000
1.000000 -0.000000 -0.000000 0.000000
0.000000 -0.000000 1.000000 0.000000
0.000000 -1.000000 -0.000000 -0.000000
-0.044257 -0.648688 0.038681 1.000000
BoneName: LeftEye_end
BoneIndex: 29
BoneParentIndex: 28
BoneChildrenCount: 0
1.000000 0.000000 -0.000000 0.000000
0.000000 1.000000 -0.000000 0.000000
-0.000000 -0.000000 1.000000 -0.000000
0.000000 0.060000 -0.000000 1.000000
1.000000 0.000000 0.000000 0.000000
0.000000 1.000000 0.000000 0.000000
0.000000 0.000000 1.000000 0.000000
0.000000 0.000000 0.000000 1.000000
BoneName: RightEye
BoneIndex: 30
BoneParentIndex: 21
BoneChildrenCount: 1
31
1.000000 0.000000 -0.000000 0.000000
0.000000 1.000000 -0.000000 0.000000
-0.000000 -0.000000 1.000000 -0.000000
-0.044257 0.092270 -0.038681 1.000000
1.000000 -0.000000 -0.000000 0.000000
0.000000 -0.000000 1.000000 0.000000
0.000000 -1.000000 -0.000000 -0.000000
0.044257 -0.648688 0.038681 1.000000
BoneName: RightEye_end
BoneIndex: 31
BoneParentIndex: 30
BoneChildrenCount: 0
1.000000 0.000000 -0.000000 0.000000
0.000000 1.000000 -0.000000 0.000000
-0.000000 -0.000000 1.000000 -0.000000
0.000000 0.060000 -0.000000 1.000000
1.000000 0.000000 0.000000 0.000000
0.000000 1.000000 0.000000 0.000000
0.000000 0.000000 1.000000 0.000000
0.000000 0.000000 0.000000 1.000000
BoneName: Ear1l
BoneIndex: 32
BoneParentIndex: 21
BoneChildrenCount: 1
33
0.992292 0.075586 -0.098199 0.000000
0.098198 -0.962978 0.251058 0.000000
-0.075587 -0.258766 -0.962978 -0.000000
0.111614 0.104435 0.000077 1.000000
0.992292 0.098198 -0.075587 0.000000
-0.098198 0.251058 -0.962977 0.000000
-0.075586 0.962978 0.258766 -0.000000
-0.160697 0.625407 0.179517 1.000000
BoneName: Ear2l
BoneIndex: 33
BoneParentIndex: 32
BoneChildrenCount: 1
34
0.999946 0.010086 0.002570 0.000000
-0.009635 0.990361 -0.138171 0.000000
-0.003938 0.138139 0.990405 -0.000000
0.000000 0.061728 -0.000000 1.000000
0.993035 0.098135 -0.065205 0.000000
-0.098135 0.382640 -0.918670 0.000000
-0.065204 0.918671 0.389605 -0.000000
-0.154542 0.534991 0.256293 1.000000
BoneName: Ear3l
BoneIndex: 34
BoneParentIndex: 33
BoneChildrenCount: 1
35
0.999969 -0.007283 -0.003025 0.000000
0.007564 0.994282 0.106514 0.000000
0.002232 -0.106534 0.994307 -0.000000
-0.000000 0.130489 0.000000 1.000000
0.992486 0.098140 -0.073072 0.000000
-0.098140 0.281859 -0.954422 0.000000
-0.073071 0.954423 0.289372 -0.000000
-0.158258 0.428319 0.211396 1.000000
BoneName: Ear4l
BoneIndex: 35
BoneParentIndex: 34
BoneChildrenCount: 1
36
0.997760 0.052279 -0.041744 0.000000
-0.048732 0.995449 0.081894 0.000000
0.045835 -0.079677 0.995766 -0.000000
0.000000 0.155122 0.000000 1.000000
0.998444 0.043344 -0.035091 0.000000
-0.043344 0.207196 -0.977338 0.000000
-0.035091 0.977338 0.208753 -0.000000
-0.152446 0.296978 0.181480 1.000000
BoneName: Ear4l_end
BoneIndex: 36
BoneParentIndex: 35
BoneChildrenCount: 0
1.000000 0.000000 -0.000000 0.000000
0.000000 1.000000 -0.000000 0.000000
-0.000000 -0.000000 1.000000 -0.000000
0.000000 0.155122 -0.000000 1.000000
1.000000 0.000000 0.000000 0.000000
0.000000 1.000000 0.000000 0.000000
0.000000 0.000000 1.000000 0.000000
0.000000 0.000000 0.000000 1.000000
BoneName: Ear1r
BoneIndex: 37
BoneParentIndex: 21
BoneChildrenCount: 1
38
0.996954 -0.047539 0.061824 0.000000
-0.061824 -0.964979 0.254937 0.000000
0.047540 -0.257983 -0.964979 -0.000000
-0.111614 0.104294 -0.000463 1.000000
0.996954 -0.061824 0.047540 0.000000
0.061824 0.254937 -0.964977 0.000000
0.047539 0.964979 0.257982 -0.000000
0.142712 0.630791 0.175312 1.000000
BoneName: Ear2r
BoneIndex: 38
BoneParentIndex: 37
BoneChildrenCount: 1
39
0.999980 -0.006112 -0.001660 0.000000
0.005831 0.990811 -0.135126 0.000000
0.002470 0.135114 0.990827 -0.000000
-0.000000 0.061779 -0.000000 1.000000
0.997233 -0.061866 0.041213 0.000000
0.061866 0.383348 -0.921527 0.000000
0.041212 0.921530 0.386115 -0.000000
0.138941 0.540927 0.250937 1.000000
BoneName: Ear3r
BoneIndex: 39
BoneParentIndex: 38
BoneChildrenCount: 1
40
0.999988 0.004598 0.001916 0.000000
-0.004777 0.994242 0.107047 0.000000
-0.001413 -0.107055 0.994252 -0.000000
0.000000 0.130444 0.000000 1.000000
0.997015 -0.061862 0.046190 0.000000
0.061862 0.282199 -0.957357 0.000000
0.046189 0.957359 0.285184 -0.000000
0.141308 0.434318 0.205354 1.000000
BoneName: Ear4r
BoneIndex: 40
BoneParentIndex: 39
BoneChildrenCount: 1
41
0.997665 -0.054512 0.041148 0.000000
0.051050 0.995410 0.080949 0.000000
-0.045372 -0.078659 0.995869 -0.000000
-0.000000 0.155089 -0.000000 1.000000
0.999960 -0.006941 0.005629 0.000000
0.006941 0.206565 -0.978406 0.000000
0.005628 0.978408 0.206605 -0.000000
0.134206 0.301784 0.176131 1.000000
BoneName: Ear4r_end
BoneIndex: 41
BoneParentIndex: 40
BoneChildrenCount: 0
1.000000 0.000000 -0.000000 0.000000
0.000000 1.000000 -0.000000 0.000000
-0.000000 -0.000000 1.000000 -0.000000
0.000000 0.155089 -0.000000 1.000000
1.000000 0.000000 0.000000 0.000000
0.000000 1.000000 0.000000 0.000000
0.000000 0.000000 1.000000 0.000000
0.000000 0.000000 0.000000 1.000000
BoneName: Mouth_Reference
BoneIndex: 42
BoneParentIndex: 21
BoneChildrenCount: 11
43
45
47
49
51
53
55
57
59
61
63
1.000000 0.000000 -0.000000 0.000000
0.000000 -0.038427 -0.999261 0.000000
-0.000000 0.999261 -0.038427 -0.000000
0.000044 0.032484 -0.053878 1.000000
1.000000 0.000000 -0.000000 0.000000
-0.000000 -0.999261 -0.038427 0.000000
-0.000000 0.038427 -0.999261 -0.000000
-0.000044 -0.031209 -0.590537 1.000000
BoneName: Lip_Top_C
BoneIndex: 43
BoneParentIndex: 42
BoneChildrenCount: 1
44
1.000000 -0.000000 -0.000000 0.000000
-0.000000 0.993939 -0.109930 0.000000
0.000000 0.109930 0.993939 -0.000000
0.000063 0.067846 -0.009893 1.000000
1.000000 -0.000000 0.000000 0.000000
0.000000 -0.988981 -0.148043 0.000000
0.000000 0.148042 -0.988981 -0.000000
-0.000107 -0.034625 -0.588015 1.000000
BoneName: Lip_Top_C_end
BoneIndex: 44
BoneParentIndex: 43
BoneChildrenCount: 0
1.000000 0.000000 -0.000000 0.000000
0.000000 1.000000 -0.000000 0.000000
-0.000000 -0.000000 1.000000 -0.000000
0.000000 0.073295 -0.000000 1.000000
1.000000 0.000000 0.000000 0.000000
0.000000 1.000000 0.000000 0.000000
0.000000 0.000000 1.000000 0.000000
0.000000 0.000000 0.000000 1.000000
BoneName: Lip_Top_Side_L
BoneIndex: 45
BoneParentIndex: 42
BoneChildrenCount: 1
46
1.000000 0.000000 -0.000000 0.000000
0.000000 0.995770 0.091876 0.000000
-0.000000 -0.091876 0.995770 -0.000000
0.031481 0.066006 -0.006087 1.000000
1.000000 -0.000000 0.000000 0.000000
-0.000000 -0.998566 0.053544 0.000000
0.000000 -0.053544 -0.998566 -0.000000
-0.031525 -0.150501 -0.573047 1.000000
BoneName: Lip_Top_Side_L_end
BoneIndex: 46
BoneParentIndex: 45
BoneChildrenCount: 0
1.000000 0.000000 -0.000000 0.000000
0.000000 1.000000 -0.000000 0.000000
-0.000000 -0.000000 1.000000 -0.000000
0.000000 0.073295 -0.000000 1.000000
1.000000 0.000000 0.000000 0.000000
0.000000 1.000000 0.000000 0.000000
0.000000 0.000000 1.000000 0.000000
0.000000 0.000000 0.000000 1.000000
BoneName: Lip_Top_Side_R
BoneIndex: 47
BoneParentIndex: 42
BoneChildrenCount: 1
48
1.000000 0.000000 -0.000000 0.000000
0.000000 0.995973 0.089651 0.000000
-0.000000 -0.089651 0.995973 -0.000000
-0.031569 0.066016 -0.006059 1.000000
1.000000 -0.000000 0.000000 0.000000
-0.000000 -0.998683 0.051312 0.000000
0.000000 -0.051312 -0.998683 -0.000000
0.031525 -0.149232 -0.573408 1.000000
BoneName: Lip_Top_Side_R_end
BoneIndex: 48
BoneParentIndex: 47
BoneChildrenCount: 0
1.000000 0.000000 -0.000000 0.000000
0.000000 1.000000 -0.000000 0.000000
-0.000000 -0.000000 1.000000 -0.000000
0.000000 0.073295 -0.000000 1.000000
1.000000 0.000000 0.000000 0.000000
0.000000 1.000000 0.000000 0.000000
0.000000 0.000000 1.000000 0.000000
0.000000 0.000000 0.000000 1.000000
BoneName: Nose
BoneIndex: 49
BoneParentIndex: 42
BoneChildrenCount: 1
50
1.000000 0.000000 -0.000001 0.000000
0.000000 0.987786 0.155815 0.000000
0.000001 -0.155815 0.987786 -0.000000
0.000076 0.082390 0.030140 1.000000
1.000000 0.000000 0.000001 0.000000
-0.000000 -0.993044 0.117743 0.000000
0.000001 -0.117743 -0.993044 -0.000000
-0.000119 -0.208922 -0.595396 1.000000
BoneName: Nose_end
BoneIndex: 50
BoneParentIndex: 49
BoneChildrenCount: 0
1.000000 0.000000 -0.000000 0.000000
0.000000 1.000000 -0.000000 0.000000
-0.000000 -0.000000 1.000000 -0.000000
0.000000 0.073295 -0.000000 1.000000
1.000000 0.000000 0.000000 0.000000
0.000000 1.000000 0.000000 0.000000
0.000000 0.000000 1.000000 0.000000
0.000000 0.000000 0.000000 1.000000
BoneName: Lip_Btm_C
BoneIndex: 51
BoneParentIndex: 42
BoneChildrenCount: 1
52
1.000000 0.000000 -0.000000 0.000000
-0.000000 0.999249 -0.038741 0.000000
0.000000 0.038741 0.999249 -0.000000
0.000057 0.054597 -0.017463 1.000000
1.000000 -0.000000 0.000000 0.000000
0.000000 -0.997023 -0.077111 0.000000
0.000000 0.077111 -0.997023 -0.000000
-0.000101 -0.063540 -0.575969 1.000000
BoneName: Lip_Btm_C_end
BoneIndex: 52
BoneParentIndex: 51
BoneChildrenCount: 0
1.000000 0.000000 -0.000000 0.000000
0.000000 1.000000 -0.000000 0.000000
-0.000000 -0.000000 1.000000 -0.000000
0.000000 0.073295 -0.000000 1.000000
1.000000 0.000000 0.000000 0.000000
0.000000 1.000000 0.000000 0.000000
0.000000 0.000000 1.000000 0.000000
0.000000 0.000000 0.000000 1.000000
BoneName: Lip_Btm_Side_L
BoneIndex: 53
BoneParentIndex: 42
BoneChildrenCount: 1
54
1.000000 0.000000 -0.000000 0.000000
0.000000 0.995770 0.091876 0.000000
-0.000000 -0.091876 0.995770 -0.000000
0.030183 0.062064 -0.007682 1.000000
1.000000 -0.000000 0.000000 0.000000
-0.000000 -0.998566 0.053544 0.000000
0.000000 -0.053544 -0.998566 -0.000000
-0.030227 -0.146429 -0.571820 1.000000
BoneName: Lip_Btm_Side_L_end
BoneIndex: 54
BoneParentIndex: 53
BoneChildrenCount: 0
1.000000 0.000000 -0.000000 0.000000
0.000000 1.000000 -0.000000 0.000000
-0.000000 -0.000000 1.000000 -0.000000
0.000000 0.073295 -0.000000 1.000000
1.000000 0.000000 0.000000 0.000000
0.000000 1.000000 0.000000 0.000000
0.000000 0.000000 1.000000 0.000000
0.000000 0.000000 0.000000 1.000000
BoneName: Lip_Btm_Side_R
BoneIndex: 55
BoneParentIndex: 42
BoneChildrenCount: 1
56
1.000000 0.000000 -0.000000 0.000000
0.000000 0.995964 0.089750 0.000000
-0.000000 -0.089750 0.995964 -0.000000
-0.030271 0.062073 -0.007657 1.000000
1.000000 -0.000000 0.000000 0.000000
-0.000000 -0.998678 0.051412 0.000000
0.000000 -0.051412 -0.998678 -0.000000
0.030227 -0.145220 -0.572156 1.000000
BoneName: Lip_Btm_Side_R_end
BoneIndex: 56
BoneParentIndex: 55
BoneChildrenCount: 0
1.000000 0.000000 -0.000000 0.000000
0.000000 1.000000 -0.000000 0.000000
-0.000000 -0.000000 1.000000 -0.000000
0.000000 0.073295 -0.000000 1.000000
1.000000 0.000000 0.000000 0.000000
0.000000 1.000000 0.000000 0.000000
0.000000 0.000000 1.000000 0.000000
0.000000 0.000000 0.000000 1.000000
BoneName: UpperJaw
BoneIndex: 57
BoneParentIndex: 42
BoneChildrenCount: 1
58
1.000000 0.000000 -0.000000 0.000000
-0.000000 0.996501 -0.083580 0.000000
0.000000 0.083580 0.996501 -0.000000
0.000040 0.047478 0.004051 1.000000
1.000000 -0.000000 0.000000 0.000000
0.000000 -0.992553 -0.121811 0.000000
0.000000 0.121811 -0.992553 -0.000000
-0.000084 -0.028715 -0.599085 1.000000
BoneName: UpperJaw_end
BoneIndex: 58
BoneParentIndex: 57
BoneChildrenCount: 0
1.000000 0.000000 -0.000000 0.000000
0.000000 1.000000 -0.000000 0.000000
-0.000000 -0.000000 1.000000 -0.000000
0.000000 0.073295 -0.000000 1.000000
1.000000 0.000000 0.000000 0.000000
0.000000 1.000000 0.000000 0.000000
0.000000 0.000000 1.000000 0.000000
0.000000 0.000000 0.000000 1.000000
BoneName: UnderJaw
BoneIndex: 59
BoneParentIndex: 42
BoneChildrenCount: 1
60
1.000000 0.000000 -0.000000 0.000000
-0.000000 0.981508 -0.191423 0.000000
0.000000 0.191423 0.981508 -0.000000
0.000037 0.029363 -0.015654 1.000000
1.000000 -0.000000 0.000000 0.000000
0.000000 -0.973427 -0.228998 0.000000
0.000000 0.228998 -0.973427 -0.000000
-0.000081 0.050594 -0.575848 1.000000
BoneName: UnderJaw_end
BoneIndex: 60
BoneParentIndex: 59
BoneChildrenCount: 0
1.000000 0.000000 -0.000000 0.000000
0.000000 1.000000 -0.000000 0.000000
-0.000000 -0.000000 1.000000 -0.000000
0.000000 0.073295 -0.000000 1.000000
1.000000 0.000000 0.000000 0.000000
0.000000 1.000000 0.000000 0.000000
0.000000 0.000000 1.000000 0.000000
0.000000 0.000000 0.000000 1.000000
BoneName: Whisker_L
BoneIndex: 61
BoneParentIndex: 42
BoneChildrenCount: 1
62
0.630958 0.768187 -0.108536 0.000000
0.763449 -0.589913 0.262960 0.000000
0.137975 -0.248779 -0.958682 -0.000000
0.112223 -0.008251 0.009672 1.000000
0.630958 0.763449 0.137975 0.000000
-0.763449 0.579373 0.285434 0.000000
0.137975 -0.285434 0.948415 -0.000000
-0.023327 -0.229998 0.565631 1.000000
BoneName: Whisker_L_end
BoneIndex: 62
BoneParentIndex: 61
BoneChildrenCount: 0
1.000000 0.000000 -0.000000 0.000000
0.000000 1.000000 -0.000000 0.000000
-0.000000 -0.000000 1.000000 -0.000000
0.000000 0.073295 -0.000000 1.000000
1.000000 0.000000 0.000000 0.000000
0.000000 1.000000 0.000000 0.000000
0.000000 0.000000 1.000000 0.000000
0.000000 0.000000 0.000000 1.000000
BoneName: Whisker_R
BoneIndex: 63
BoneParentIndex: 42
BoneChildrenCount: 1
64
0.630958 -0.768187 0.108536 0.000000
-0.763449 -0.589913 0.262960 0.000000
-0.137975 -0.248779 -0.958682 -0.000000
-0.112311 -0.008251 0.009672 1.000000
0.630958 -0.763449 -0.137975 0.000000
0.763449 0.579373 0.285434 0.000000
-0.137975 -0.285434 0.948415 -0.000000
0.023327 -0.229998 0.565631 1.000000
BoneName: Whisker_R_end
BoneIndex: 64
BoneParentIndex: 63
BoneChildrenCount: 0
1.000000 0.000000 -0.000000 0.000000
0.000000 1.000000 -0.000000 0.000000
-0.000000 -0.000000 1.000000 -0.000000
0.000000 0.073295 -0.000000 1.000000
1.000000 0.000000 0.000000 0.000000
0.000000 1.000000 0.000000 0.000000
0.000000 0.000000 1.000000 0.000000
0.000000 0.000000 0.000000 1.000000
BoneName: Left shoulder
BoneIndex: 65
BoneParentIndex: 19
BoneChildrenCount: 1
66
0.000000 0.000030 -1.000000 0.000000
0.999992 0.003985 0.000000 0.000000
0.003985 -0.999992 -0.000030 -0.000000
0.024665 0.047779 0.000000 1.000000
0.000000 1.000000 -0.000030 0.000000
-1.000000 0.000000 -0.000030 0.000000
-0.000030 0.000030 1.000000 -0.000000
-0.000015 -0.024650 0.516531 1.000000
BoneName: Left arm
BoneIndex: 66
BoneParentIndex: 65
BoneChildrenCount: 1
67
0.999978 0.006589 0.000031 0.000000
-0.006589 0.999978 -0.000031 0.000000
-0.000031 0.000031 1.000000 -0.000000
-0.000000 0.011982 -0.000000 1.000000
0.006590 0.999978 0.000001 0.000000
-0.999978 0.006590 0.000001 0.000000
0.000001 -0.000001 1.000000 -0.000000
-0.000241 -0.036647 0.516530 1.000000
BoneName: Left elbow
BoneIndex: 67
BoneParentIndex: 66
BoneChildrenCount: 1
68
0.999914 -0.013150 0.000003 0.000000
0.013150 0.999914 -0.000003 0.000000
-0.000003 0.000003 1.000000 -0.000000
0.000000 0.089153 -0.000000 1.000000
-0.006560 0.999979 0.000004 0.000000
-0.999979 -0.006560 0.000005 0.000000
0.000004 -0.000004 1.000000 -0.000000
0.001415 -0.125794 0.516529 1.000000
BoneName: Left wrist
BoneIndex: 68
BoneParentIndex: 67
BoneChildrenCount: 5
69
73
77
81
85
0.995884 -0.089533 0.014089 0.000000
0.089714 0.995885 -0.012793 0.000000
-0.012885 0.014005 0.999819 -0.000000
-0.000000 0.089538 -0.000000 1.000000
-0.096064 0.995276 0.014093 0.000000
-0.995275 -0.096245 0.012798 0.000000
0.014093 -0.012797 0.999819 -0.000000
0.027966 -0.220928 0.513402 1.000000
BoneName: Thumb1_L
BoneIndex: 69
BoneParentIndex: 68
BoneChildrenCount: 1
70
0.601634 -0.093602 -0.793269 0.000000
0.635099 0.658362 0.403991 0.000000
0.484443 -0.746859 0.455540 -0.000000
0.039983 0.027989 -0.001189 1.000000
-0.162135 0.599935 -0.783448 0.000000
-0.599935 -0.690293 -0.404443 0.000000
-0.783448 0.404443 0.471843 -0.000000
-0.392140 0.036380 0.414501 1.000000
BoneName: Thumb2_L
BoneIndex: 70
BoneParentIndex: 69
BoneChildrenCount: 1
71
0.914662 -0.115527 0.387359 0.000000
0.157025 0.984578 -0.077135 0.000000
-0.372474 0.131378 0.918696 -0.000000
-0.000000 0.038881 -0.000000 1.000000
-0.521084 0.625655 -0.580542 0.000000
-0.625655 -0.742655 -0.238789 0.000000
-0.580541 0.238789 0.778429 -0.000000
-0.197826 -0.096010 0.526534 1.000000
BoneName: Thumb3_L
BoneIndex: 71
BoneParentIndex: 70
BoneChildrenCount: 1
72
0.927384 0.079654 -0.365534 0.000000
-0.029181 0.989495 0.141589 0.000000
0.372972 -0.120641 0.919966 -0.000000
0.000000 0.028894 -0.000000 1.000000
-0.221201 0.552090 -0.803907 0.000000
-0.552092 -0.750407 -0.363435 0.000000
-0.803906 0.363438 0.470795 -0.000000
-0.385875 -0.043268 0.425679 1.000000
BoneName: Thumb3_L_end
BoneIndex: 72
BoneParentIndex: 71
BoneChildrenCount: 0
1.000000 0.000000 -0.000000 0.000000
0.000000 1.000000 -0.000000 0.000000
-0.000000 -0.000000 1.000000 -0.000000
0.000000 0.020773 -0.000000 1.000000
1.000000 0.000000 0.000000 0.000000
0.000000 1.000000 0.000000 0.000000
0.000000 0.000000 1.000000 0.000000
0.000000 0.000000 0.000000 1.000000
BoneName: IndexFinger1_L
BoneIndex: 73
BoneParentIndex: 68
BoneChildrenCount: 1
74
0.968113 -0.249935 -0.017004 0.000000
0.250109 0.968176 0.008978 0.000000
0.014219 -0.012944 0.999815 -0.000000
0.020402 0.080258 -0.005970 1.000000
-0.341995 0.939702 -0.000158 0.000000
-0.939702 -0.341995 -0.000111 0.000000
-0.000158 0.000111 1.000000 -0.000000
0.073769 -0.285047 0.523282 1.000000
BoneName: IndexFinger2_L
BoneIndex: 74
BoneParentIndex: 73
BoneChildrenCount: 1
75
0.985939 -0.167062 0.003714 0.000000
0.167071 0.985943 -0.002142 0.000000
-0.003304 0.002733 0.999991 -0.000000
-0.000000 0.026824 -0.000000 1.000000
-0.494176 0.869355 0.003540 0.000000
-0.869355 -0.494184 0.002060 0.000000
0.003540 -0.002060 0.999992 -0.000000
0.126777 -0.296283 0.522181 1.000000
BoneName: IndexFinger3_L
BoneIndex: 75
BoneParentIndex: 74
BoneChildrenCount: 1
76
0.992036 0.005266 0.125847 0.000000
0.004001 0.997304 -0.073273 0.000000
-0.125893 0.073193 0.989340 -0.000000
-0.000000 0.031221 -0.000000 1.000000
-0.485217 0.864774 0.129347 0.000000
-0.864774 -0.496481 0.075313 0.000000
0.129347 -0.075313 0.988735 -0.000000
0.189758 -0.364376 0.476683 1.000000
BoneName: IndexFinger3_L_end
BoneIndex: 76
BoneParentIndex: 75
BoneChildrenCount: 0
1.000000 0.000000 -0.000000 0.000000
0.000000 1.000000 -0.000000 0.000000
-0.000000 -0.000000 1.000000 -0.000000
0.000000 0.027461 -0.000000 1.000000
1.000000 0.000000 0.000000 0.000000
0.000000 1.000000 0.000000 0.000000
0.000000 0.000000 1.000000 0.000000
0.000000 0.000000 0.000000 1.000000
BoneName: MiddleFinger1_L
BoneIndex: 77
BoneParentIndex: 68
BoneChildrenCount: 1
78
0.995279 0.096205 -0.012792 0.000000
-0.096024 0.995279 0.014086 0.000000
0.014086 -0.012792 0.999819 -0.000000
-0.007104 0.081626 -0.010200 1.000000
-0.000040 1.000000 0.000006 0.000000
-1.000000 -0.000040 0.000007 0.000000
0.000006 -0.000006 1.000000 -0.000000
-0.000901 -0.297117 0.527871 1.000000
BoneName: MiddleFinger2_L
BoneIndex: 78
BoneParentIndex: 77
BoneChildrenCount: 1
79
1.000000 -0.000001 -0.000012 0.000000
0.000001 1.000000 0.000012 0.000000
0.000012 -0.000012 1.000000 -0.000000
0.000000 0.027943 -0.000000 1.000000
-0.000042 1.000000 -0.000005 0.000000
-1.000000 -0.000042 -0.000005 0.000000
-0.000005 0.000005 1.000000 -0.000000
-0.000906 -0.325055 0.527875 1.000000
BoneName: MiddleFinger3_L
BoneIndex: 79
BoneParentIndex: 78
BoneChildrenCount: 1
80
0.989090 -0.135507 0.057781 0.000000
0.138448 0.989090 -0.050328 0.000000
-0.050331 0.057778 0.997060 -0.000000
0.000000 0.027089 -0.000000 1.000000
-0.135549 0.989085 0.057775 0.000000
-0.989085 -0.138489 0.050323 0.000000
0.057775 -0.050323 0.997061 -0.000000
0.077323 -0.374994 0.506023 1.000000
BoneName: MiddleFinger3_L_end
BoneIndex: 80
BoneParentIndex: 79
BoneChildrenCount: 0
1.000000 0.000000 -0.000000 0.000000
0.000000 1.000000 -0.000000 0.000000
-0.000000 -0.000000 1.000000 -0.000000
0.000000 0.031123 -0.000000 1.000000
1.000000 0.000000 0.000000 0.000000
0.000000 1.000000 0.000000 0.000000
0.000000 0.000000 1.000000 0.000000
0.000000 0.000000 0.000000 1.000000
BoneName: RingFinger1_L
BoneIndex: 81
BoneParentIndex: 68
BoneChildrenCount: 1
82
0.923741 0.382931 -0.008094 0.000000
-0.382759 0.923688 0.017184 0.000000
0.014057 -0.012776 0.999820 -0.000000
-0.032935 0.074066 -0.006254 1.000000
0.292270 0.956336 0.000025 0.000000
-0.956336 0.292270 0.000034 0.000000
0.000025 -0.000034 1.000000 -0.000000
-0.060912 -0.286862 0.524187 1.000000
BoneName: RingFinger2_L
BoneIndex: 82
BoneParentIndex: 81
BoneChildrenCount: 1
83
1.000000 0.000000 -0.000000 0.000000
0.000000 1.000000 -0.000000 0.000000
-0.000000 -0.000000 1.000000 -0.000000
0.000000 0.026315 -0.000000 1.000000
0.292264 0.956338 0.000025 0.000000
-0.956338 0.292264 0.000033 0.000000
0.000025 -0.000033 1.000000 -0.000000
-0.060911 -0.313177 0.524187 1.000000
BoneName: RingFinger3_L
BoneIndex: 83
BoneParentIndex: 82
BoneChildrenCount: 1
84
0.983576 -0.179914 -0.014469 0.000000
0.180140 0.983507 0.016240 0.000000
0.011308 -0.018579 0.999763 -0.000000
0.000000 0.024666 -0.000000 1.000000
0.115405 0.993214 -0.014439 0.000000
-0.993214 0.115170 -0.016211 0.000000
-0.014439 0.016211 0.999764 -0.000000
-0.006712 -0.334731 0.529651 1.000000
BoneName: RingFinger3_L_end
BoneIndex: 84
BoneParentIndex: 83
BoneChildrenCount: 0
1.000000 0.000000 -0.000000 0.000000
0.000000 1.000000 -0.000000 0.000000
-0.000000 -0.000000 1.000000 -0.000000
0.000000 0.025669 -0.000000 1.000000
1.000000 0.000000 0.000000 0.000000
0.000000 1.000000 0.000000 0.000000
0.000000 0.000000 1.000000 0.000000
0.000000 0.000000 0.000000 1.000000
BoneName: LittleFinger1_L
BoneIndex: 85
BoneParentIndex: 68
BoneChildrenCount: 1
86
0.639672 0.768647 0.000857 0.000000
-0.768520 0.639545 0.018934 0.000000
0.014006 -0.012770 0.999820 -0.000000
-0.053337 0.061803 -0.000386 1.000000
0.703579 0.710618 0.000035 0.000000
-0.710618 0.703579 0.000085 0.000000
0.000035 -0.000085 1.000000 -0.000000
-0.164873 -0.233574 0.518445 1.000000
BoneName: LittleFinger2_L
BoneIndex: 86
BoneParentIndex: 85
BoneChildrenCount: 1
87
1.000000 -0.000004 0.000006 0.000000
0.000004 1.000000 -0.000015 0.000000
-0.000006 0.000015 1.000000 -0.000000
0.000000 0.022366 -0.000000 1.000000
0.703576 0.710621 0.000041 0.000000
-0.710621 0.703576 0.000099 0.000000
0.000041 -0.000099 1.000000 -0.000000
-0.164869 -0.255948 0.518443 1.000000
BoneName: LittleFinger3_L
BoneIndex: 87
BoneParentIndex: 86
BoneChildrenCount: 1
88
0.998329 -0.056360 -0.012793 0.000000
0.056705 0.997988 0.028374 0.000000
0.011168 -0.029052 0.999516 -0.000000
0.000000 0.020536 -0.000000 1.000000
0.662348 0.749088 -0.012746 0.000000
-0.749088 0.661867 -0.028277 0.000000
-0.012746 0.028278 0.999519 -0.000000
-0.155643 -0.270566 0.524383 1.000000
BoneName: LittleFinger3_L_end
BoneIndex: 88
BoneParentIndex: 87
BoneChildrenCount: 0
1.000000 0.000000 -0.000000 0.000000
0.000000 1.000000 -0.000000 0.000000
-0.000000 -0.000000 1.000000 -0.000000
0.000000 0.018622 -0.000000 1.000000
1.000000 0.000000 0.000000 0.000000
0.000000 1.000000 0.000000 0.000000
0.000000 0.000000 1.000000 0.000000
0.000000 0.000000 0.000000 1.000000
BoneName: Right shoulder
BoneIndex: 89
BoneParentIndex: 19
BoneChildrenCount: 1
90
-0.000000 -0.000033 1.000000 0.000000
-1.000000 -0.000016 -0.000000 0.000000
0.000016 -1.000000 -0.000033 -0.000000
-0.024665 0.047779 0.000000 1.000000
-0.000000 -1.000000 0.000033 0.000000
1.000000 -0.000000 -0.000033 0.000000
0.000033 0.000033 1.000000 -0.000000
0.000017 -0.024648 0.516531 1.000000
BoneName: Right arm
BoneIndex: 90
BoneParentIndex: 89
BoneChildrenCount: 1
91
1.000000 -0.000000 -0.000035 0.000000
0.000000 1.000000 -0.000035 0.000000
0.000035 0.000035 1.000000 -0.000000
0.000000 0.011982 -0.000000 1.000000
-0.000000 -1.000000 -0.000002 0.000000
1.000000 -0.000000 0.000003 0.000000
-0.000002 -0.000002 1.000000 -0.000000
-0.000001 -0.036648 0.516530 1.000000
BoneName: Right elbow
BoneIndex: 91
BoneParentIndex: 90
BoneChildrenCount: 1
92
0.998285 0.058403 0.004012 0.000000
-0.058418 0.998285 0.003784 0.000000
-0.003784 -0.004012 0.999985 -0.000000
0.000000 0.089151 -0.000000 1.000000
-0.058403 -0.998285 0.004010 0.000000
0.998285 -0.058418 -0.003782 0.000000
0.004010 0.003782 0.999985 -0.000000
-0.005276 -0.123629 0.517027 1.000000
BoneName: Right wrist
BoneIndex: 92
BoneParentIndex: 91
BoneChildrenCount: 5
93
97
101
105
109
0.998004 -0.058845 -0.022897 0.000000
0.058315 0.998030 -0.023130 0.000000
0.024213 0.021748 0.999470 -0.000000
0.000000 0.089690 0.000000 1.000000
0.000366 -0.999817 -0.019118 0.000000
0.999817 0.000000 0.019121 0.000000
-0.019118 -0.019121 0.999634 -0.000000
-0.004551 -0.225166 0.511986 1.000000
BoneName: Thumb1_R
BoneIndex: 93
BoneParentIndex: 92
BoneChildrenCount: 1
94
0.584788 0.147126 0.797732 0.000000
-0.698118 0.592092 0.402565 0.000000
-0.413103 -0.792327 0.448959 -0.000000
-0.037240 0.024020 -0.001577 1.000000
-0.162136 -0.599935 0.783448 0.000000
0.599935 -0.690293 -0.404443 0.000000
0.783448 0.404443 0.471843 -0.000000
0.392140 0.036380 0.414501 1.000000
BoneName: Thumb2_R
BoneIndex: 94
BoneParentIndex: 93
BoneChildrenCount: 1
95
0.914662 0.115527 -0.387359 0.000000
-0.157025 0.984578 -0.077135 0.000000
0.372474 0.131378 0.918696 -0.000000
0.000000 0.038881 0.000000 1.000000
-0.521084 -0.625655 0.580541 0.000000
0.625655 -0.742655 -0.238789 0.000000
0.580541 0.238789 0.778429 -0.000000
0.197826 -0.096010 0.526534 1.000000
BoneName: Thumb3_R
BoneIndex: 95
BoneParentIndex: 94
BoneChildrenCount: 1
96
0.927384 -0.079654 0.365534 0.000000
0.029181 0.989495 0.141589 0.000000
-0.372972 -0.120641 0.919966 -0.000000
0.000000 0.028894 0.000000 1.000000
-0.221201 -0.552090 0.803907 0.000000
0.552092 -0.750406 -0.363435 0.000000
0.803906 0.363438 0.470795 -0.000000
0.385875 -0.043269 0.425679 1.000000
BoneName: Thumb3_R_end
BoneIndex: 96
BoneParentIndex: 95
BoneChildrenCount: 0
1.000000 0.000000 -0.000000 0.000000
0.000000 1.000000 -0.000000 0.000000
-0.000000 -0.000000 1.000000 -0.000000
0.000000 0.020773 -0.000000 1.000000
1.000000 0.000000 0.000000 0.000000
0.000000 1.000000 0.000000 0.000000
0.000000 0.000000 1.000000 0.000000
0.000000 0.000000 0.000000 1.000000
BoneName: IndexFinger1_R
BoneIndex: 97
BoneParentIndex: 92
BoneChildrenCount: 1
98
0.939448 0.341819 0.024436 0.000000
-0.342160 0.939573 0.011380 0.000000
-0.019070 -0.019053 0.999637 -0.000000
-0.027073 0.077957 -0.006136 1.000000
-0.341880 -0.939744 -0.000069 0.000000
0.939744 -0.341880 0.000048 0.000000
-0.000069 -0.000048 1.000000 -0.000000
-0.069794 -0.286615 0.523279 1.000000
BoneName: IndexFinger2_R
BoneIndex: 98
BoneParentIndex: 97
BoneChildrenCount: 1
99
0.999212 0.039702 0.000029 0.000000
-0.039702 0.999212 0.000017 0.000000
-0.000028 -0.000018 1.000000 -0.000000
-0.000000 0.026823 -0.000000 1.000000
-0.378920 -0.925429 -0.000042 0.000000
0.925429 -0.378920 0.000028 0.000000
-0.000042 -0.000028 1.000000 -0.000000
-0.082168 -0.310411 0.523287 1.000000
BoneName: IndexFinger3_R
BoneIndex: 99
BoneParentIndex: 98
BoneChildrenCount: 1
100
0.984151 0.121357 -0.129302 0.000000
-0.131775 0.988416 -0.075290 0.000000
0.118667 0.091136 0.988743 -0.000000
-0.000000 0.029329 -0.000000 1.000000
-0.485217 -0.864775 -0.129347 0.000000
0.864774 -0.496481 0.075313 0.000000
-0.129347 -0.075313 0.988735 -0.000000
-0.189758 -0.364376 0.476683 1.000000
BoneName: IndexFinger3_R_end
BoneIndex: 100
BoneParentIndex: 99
BoneChildrenCount: 0
1.000000 0.000000 -0.000000 0.000000
0.000000 1.000000 -0.000000 0.000000
-0.000000 -0.000000 1.000000 -0.000000
0.000000 0.027461 -0.000000 1.000000
1.000000 0.000000 0.000000 0.000000
0.000000 1.000000 0.000000 0.000000
0.000000 0.000000 1.000000 0.000000
0.000000 0.000000 0.000000 1.000000
BoneName: MiddleFinger1_R
BoneIndex: 101
BoneParentIndex: 92
BoneChildrenCount: 1
102
0.999821 -0.000092 0.018931 0.000000
-0.000266 0.999821 0.018931 0.000000
-0.018930 -0.018933 0.999642 -0.000000
0.000200 0.081989 -0.010175 1.000000
0.000096 -1.000000 -0.000188 0.000000
1.000000 0.000096 0.000188 0.000000
-0.000188 -0.000188 1.000000 -0.000000
0.005163 -0.297213 0.527879 1.000000
BoneName: MiddleFinger2_R
BoneIndex: 102
BoneParentIndex: 101
BoneChildrenCount: 1
103
1.000000 0.000000 -0.000005 0.000000
-0.000000 1.000000 -0.000005 0.000000
0.000005 0.000005 1.000000 -0.000000
-0.000000 0.027943 0.000000 1.000000
0.000096 -1.000000 -0.000193 0.000000
1.000000 0.000096 0.000193 0.000000
-0.000193 -0.000193 1.000000 -0.000000
0.005160 -0.325159 0.527877 1.000000
BoneName: MiddleFinger3_R
BoneIndex: 103
BoneParentIndex: 102
BoneChildrenCount: 1
104
0.998832 -0.002249 -0.048265 0.000000
-0.000086 0.998832 -0.048322 0.000000
0.048317 0.048269 0.997665 -0.000000
0.000000 0.027089 0.000000 1.000000
0.002354 -0.998822 -0.048457 0.000000
0.998823 0.000000 0.048514 0.000000
-0.048457 -0.048514 0.997646 -0.000000
-0.019531 -0.377345 0.509891 1.000000
BoneName: MiddleFinger3_R_end
BoneIndex: 104
BoneParentIndex: 103
BoneChildrenCount: 0
1.000000 0.000000 -0.000000 0.000000
0.000000 1.000000 -0.000000 0.000000
-0.000000 -0.000000 1.000000 -0.000000
0.000000 0.030819 -0.000000 1.000000
1.000000 0.000000 0.000000 0.000000
0.000000 1.000000 0.000000 0.000000
0.000000 0.000000 1.000000 0.000000
0.000000 0.000000 0.000000 1.000000
BoneName: RingFinger1_R
BoneIndex: 105
BoneParentIndex: 92
BoneChildrenCount: 1
106
0.956207 -0.292423 0.012568 0.000000
0.292079 0.956100 0.023704 0.000000
-0.018948 -0.018995 0.999640 -0.000000
0.026619 0.076931 -0.006083 1.000000
0.292479 -0.956272 -0.000126 0.000000
