BoneCount: 92
RootBone: 0
BoneName: RootNode
BoneIndex: 0
BoneParentIndex: -1
BoneChildrenCount: 13
1
80
81
82
83
84
85
86
87
88
89
90
91
1.000000 0.000000 -0.000000 0.000000
0.000000 1.000000 -0.000000 0.000000
-0.000000 -0.000000 1.000000 -0.000000
0.000000 0.000000 -0.000000 1.000000
1.000000 0.000000 0.000000 0.000000
0.000000 1.000000 0.000000 0.000000
0.000000 0.000000 1.000000 0.000000
0.000000 0.000000 0.000000 1.000000
BoneName: bone_0
BoneIndex: 1
BoneParentIndex: 0
BoneChildrenCount: 1
2
1.000000 0.000000 -0.000000 0.000000
0.000000 1.000000 -0.000000 0.000000
-0.000000 -0.000000 1.000000 -0.000000
0.000000 0.000000 -0.000000 1.000000
1.000000 0.000000 -0.000000 0.000000
0.000000 1.000000 -0.000000 0.000000
-0.000000 -0.000000 1.000000 -0.000000
0.000000 0.000000 -0.000000 1.000000
BoneName: bone_1
BoneIndex: 2
BoneParentIndex: 1
BoneChildrenCount: 1
3
1.000000 0.000000 -0.000000 0.000000
0.000000 1.000000 -0.000000 0.000000
-0.000000 -0.000000 1.000000 -0.000000
0.000000 0.000000 -0.000000 1.000000
1.000000 0.000000 -0.000000 0.000000
0.000000 1.000000 -0.000000 0.000000
-0.000000 -0.000000 1.000000 -0.000000
0.000000 0.000000 -0.000000 1.000000
BoneName: bone_2
BoneIndex: 3
BoneParentIndex: 2
BoneChildrenCount: 3
4
72
76
1.000000 0.000000 -0.000000 0.000000
0.000000 1.000000 -0.000000 0.000000
-0.000000 -0.000000 1.000000 -0.000000
-0.000000 2.519512 -0.145181 1.000000
1.000000 0.000000 -0.000000 0.000000
0.000000 1.000000 -0.000000 0.000000
-0.000000 -0.000000 1.000000 -0.000000
0.000000 -2.519512 0.145181 1.000000
BoneName: bone_3
BoneIndex: 4
BoneParentIndex: 3
BoneChildrenCount: 1
5
1.000000 0.000000 -0.000000 0.000000
0.000000 1.000000 -0.000000 0.000000
-0.000000 -0.000000 1.000000 -0.000000
-0.000000 0.369939 -0.016519 1.000000
1.000000 0.000000 -0.000000 0.000000
0.000000 1.000000 -0.000000 0.000000
-0.000000 -0.000000 1.000000 -0.000000
0.000000 -2.889450 0.161700 1.000000
BoneName: bone_4
BoneIndex: 5
BoneParentIndex: 4
BoneChildrenCount: 1
6
1.000000 0.000000 -0.000000 0.000000
0.000000 1.000000 -0.000000 0.000000
-0.000000 -0.000000 1.000000 -0.000000
-0.000000 0.178096 0.007864 1.000000
1.000000 0.000000 -0.000000 0.000000
0.000000 1.000000 -0.000000 0.000000
-0.000000 -0.000000 1.000000 -0.000000
0.000000 -3.067546 0.153836 1.000000
BoneName: bone_5
BoneIndex: 6
BoneParentIndex: 5
BoneChildrenCount: 3
7
28
50
1.000000 0.000000 -0.000000 0.000000
0.000000 1.000000 -0.000000 0.000000
-0.000000 -0.000000 1.000000 -0.000000
-0.000000 0.169750 0.005760 1.000000
1.000000 0.000000 -0.000000 0.000000
0.000000 1.000000 -0.000000 0.000000
-0.000000 -0.000000 1.000000 -0.000000
0.000000 -3.237296 0.148076 1.000000
BoneName: bone_6
BoneIndex: 7
BoneParentIndex: 6
BoneChildrenCount: 1
8
1.000000 0.000000 -0.000000 0.000000
0.000000 1.000000 -0.000000 0.000000
-0.000000 -0.000000 1.000000 -0.000000
-0.000000 0.609876 0.136890 1.000000
1.000000 0.000000 -0.000000 0.000000
0.000000 1.000000 -0.000000 0.000000
-0.000000 -0.000000 1.000000 -0.000000
0.000001 -3.847172 0.011185 1.000000
BoneName: bone_7
BoneIndex: 8
BoneParentIndex: 7
BoneChildrenCount: 1
9
1.000000 0.000000 -0.000000 0.000000
0.000000 1.000000 -0.000000 0.000000
-0.000000 -0.000000 1.000000 -0.000000
0.000000 0.271611 -0.027503 1.000000
1.000000 0.000000 -0.000000 0.000000
0.000000 1.000000 -0.000000 0.000000
-0.000000 -0.000000 1.000000 -0.000000
0.000001 -4.118783 0.038688 1.000000
BoneName: bone_60
BoneIndex: 9
BoneParentIndex: 8
BoneChildrenCount: 15
10
11
12
13
14
15
16
17
18
19
20
21
22
23
24
1.000000 0.000000 -0.000000 0.000000
0.000000 1.000000 -0.000000 0.000000
-0.000000 -0.000000 1.000000 -0.000000
0.000000 0.000000 -0.000000 1.000000
1.000000 0.000000 -0.000000 0.000000
0.000000 1.000000 -0.000000 0.000000
-0.000000 -0.000000 1.000000 -0.000000
0.000001 -4.118783 0.038688 1.000000
BoneName: bone_61
BoneIndex: 10
BoneParentIndex: 9
BoneChildrenCount: 0
1.000000 0.000000 -0.000000 0.000000
0.000000 1.000000 -0.000000 0.000000
-0.000000 -0.000000 1.000000 -0.000000
-0.092846 0.122557 -0.204449 1.000000
1.000000 0.000000 0.000000 0.000000
-0.000000 1.000000 -0.000002 0.000000
-0.000000 0.000002 1.000000 -0.000000
0.092847 -4.241339 0.243146 1.000000
BoneName: bone_62
BoneIndex: 11
BoneParentIndex: 9
BoneChildrenCount: 0
1.000000 0.000000 -0.000000 0.000000
0.000000 1.000000 -0.000000 0.000000
-0.000000 -0.000000 1.000000 -0.000000
0.092846 0.122557 -0.204449 1.000000
1.000000 0.000000 -0.000000 0.000000
-0.000000 1.000000 -0.000002 0.000000
0.000000 0.000002 1.000000 -0.000000
-0.092846 -4.241339 0.243146 1.000000
BoneName: bone_63
BoneIndex: 12
BoneParentIndex: 9
BoneChildrenCount: 0
1.000000 0.000000 -0.000000 0.000000
0.000000 1.000000 -0.000000 0.000000
-0.000000 -0.000000 1.000000 -0.000000
-0.095198 0.138871 -0.254488 1.000000
1.000000 -0.000000 0.000000 0.000000
0.000000 1.000000 -0.000001 0.000000
-0.000000 0.000001 1.000000 -0.000000
0.095199 -4.257654 0.293182 1.000000
BoneName: bone_64
BoneIndex: 13
BoneParentIndex: 9
BoneChildrenCount: 0
1.000000 0.000000 -0.000000 0.000000
0.000000 1.000000 -0.000000 0.000000
-0.000000 -0.000000 1.000000 -0.000000
0.095198 0.138871 -0.254488 1.000000
1.000000 -0.000000 -0.000000 0.000000
0.000000 1.000000 -0.000001 0.000000
0.000000 0.000001 1.000000 -0.000000
-0.095198 -4.257654 0.293182 1.000000
BoneName: bone_65
BoneIndex: 14
BoneParentIndex: 9
BoneChildrenCount: 0
1.000000 0.000000 -0.000000 0.000000
0.000000 1.000000 -0.000000 0.000000
-0.000000 -0.000000 1.000000 -0.000000
-0.042220 0.168489 -0.280073 1.000000
1.000000 0.000000 -0.000000 0.000000
0.000000 1.000000 0.000000 0.000000
-0.000000 -0.000000 1.000000 -0.000000
0.042221 -4.287271 0.318761 1.000000
BoneName: bone_66
BoneIndex: 15
BoneParentIndex: 9
BoneChildrenCount: 0
1.000000 0.000000 -0.000000 0.000000
0.000000 1.000000 -0.000000 0.000000
-0.000000 -0.000000 1.000000 -0.000000
0.042220 0.168489 -0.280073 1.000000
1.000000 0.000000 -0.000000 0.000000
0.000000 1.000000 0.000000 0.000000
-0.000000 -0.000000 1.000000 -0.000000
-0.042220 -4.287271 0.318761 1.000000
BoneName: bone_67
BoneIndex: 16
BoneParentIndex: 9
BoneChildrenCount: 0
1.000000 0.000000 -0.000000 0.000000
0.000000 1.000000 -0.000000 0.000000
-0.000000 -0.000000 1.000000 -0.000000
-0.135279 0.176108 -0.242688 1.000000
1.000000 0.000000 -0.000000 0.000000
0.000000 1.000000 0.000000 0.000000
-0.000000 -0.000000 1.000000 -0.000000
0.135280 -4.294890 0.281376 1.000000
BoneName: bone_68
BoneIndex: 17
BoneParentIndex: 9
BoneChildrenCount: 0
1.000000 0.000000 -0.000000 0.000000
0.000000 1.000000 -0.000000 0.000000
-0.000000 -0.000000 1.000000 -0.000000
0.135279 0.176107 -0.242688 1.000000
1.000000 0.000000 -0.000000 0.000000
0.000000 1.000000 0.000000 0.000000
-0.000000 -0.000000 1.000000 -0.000000
-0.135279 -4.294890 0.281376 1.000000
BoneName: bone_69
BoneIndex: 18
BoneParentIndex: 9
BoneChildrenCount: 0
1.000000 0.000000 -0.000000 0.000000
0.000000 1.000000 -0.000000 0.000000
-0.000000 -0.000000 1.000000 -0.000000
-0.139507 0.052602 -0.227401 1.000000
1.000000 0.000000 -0.000000 0.000000
0.000000 1.000000 -0.000000 0.000000
-0.000000 -0.000000 1.000000 -0.000000
0.139507 -4.171384 0.266090 1.000000
BoneName: bone_70
BoneIndex: 19
BoneParentIndex: 9
BoneChildrenCount: 0
1.000000 0.000000 -0.000000 0.000000
0.000000 1.000000 -0.000000 0.000000
-0.000000 -0.000000 1.000000 -0.000000
0.139507 0.052602 -0.227401 1.000000
1.000000 0.000000 -0.000000 0.000000
0.000000 1.000000 -0.000000 0.000000
-0.000000 -0.000000 1.000000 -0.000000
-0.139506 -4.171384 0.266090 1.000000
BoneName: bone_71
BoneIndex: 20
BoneParentIndex: 9
BoneChildrenCount: 0
1.000000 0.000000 -0.000000 0.000000
0.000000 1.000000 -0.000000 0.000000
-0.000000 -0.000000 1.000000 -0.000000
-0.014352 -0.035150 -0.288461 1.000000
1.000000 0.000000 -0.000000 0.000000
0.000000 1.000000 -0.000000 0.000000
-0.000000 -0.000000 1.000000 -0.000000
0.014352 -4.083633 0.327150 1.000000
BoneName: bone_72
BoneIndex: 21
BoneParentIndex: 9
BoneChildrenCount: 0
1.000000 0.000000 -0.000000 0.000000
0.000000 1.000000 -0.000000 0.000000
-0.000000 -0.000000 1.000000 -0.000000
0.014352 -0.035150 -0.288461 1.000000
1.000000 0.000000 -0.000000 0.000000
0.000000 1.000000 -0.000000 0.000000
-0.000000 -0.000000 1.000000 -0.000000
-0.014351 -4.083633 0.327150 1.000000
BoneName: bone_73
BoneIndex: 22
BoneParentIndex: 9
BoneChildrenCount: 0
1.000000 0.000000 -0.000000 0.000000
0.000000 1.000000 -0.000000 0.000000
-0.000000 -0.000000 1.000000 -0.000000
-0.066640 -0.045233 -0.250649 1.000000
1.000000 0.000000 -0.000000 0.000000
0.000000 1.000000 -0.000000 0.000000
-0.000000 -0.000000 1.000000 -0.000000
0.066641 -4.073550 0.289337 1.000000
BoneName: bone_74
BoneIndex: 23
BoneParentIndex: 9
BoneChildrenCount: 0
1.000000 0.000000 -0.000000 0.000000
0.000000 1.000000 -0.000000 0.000000
-0.000000 -0.000000 1.000000 -0.000000
0.066640 -0.045233 -0.250649 1.000000
1.000000 0.000000 -0.000000 0.000000
0.000000 1.000000 -0.000000 0.000000
-0.000000 -0.000000 1.000000 -0.000000
-0.066640 -4.073550 0.289337 1.000000
BoneName: bone_75
BoneIndex: 24
BoneParentIndex: 9
BoneChildrenCount: 3
25
26
27
1.000000 0.000000 -0.000000 0.000000
0.000000 1.000000 -0.000000 0.000000
-0.000000 -0.000000 1.000000 -0.000000
0.000000 -0.002038 -0.066638 1.000000
1.000000 0.000000 -0.000000 0.000000
0.000000 1.000000 -0.000000 0.000000
-0.000000 -0.000000 1.000000 -0.000000
0.000001 -4.116745 0.105326 1.000000
BoneName: bone_76
BoneIndex: 25
BoneParentIndex: 24
BoneChildrenCount: 0
1.000000 0.000000 -0.000000 0.000000
0.000000 1.000000 -0.000000 0.000000
-0.000000 -0.000000 1.000000 -0.000000
0.000001 -0.094569 -0.192204 1.000000
1.000000 0.000000 -0.000000 0.000000
0.000000 1.000000 -0.000000 0.000000
-0.000000 -0.000000 1.000000 -0.000000
0.000000 -4.022176 0.297530 1.000000
BoneName: bone_77
BoneIndex: 26
BoneParentIndex: 24
BoneChildrenCount: 0
1.000000 0.000000 -0.000000 0.000000
0.000000 1.000000 -0.000000 0.000000
-0.000000 -0.000000 1.000000 -0.000000
-0.058333 -0.097257 -0.171738 1.000000
1.000000 0.000000 -0.000000 0.000000
0.000000 1.000000 -0.000000 0.000000
-0.000000 -0.000000 1.000000 -0.000000
0.058334 -4.019488 0.277064 1.000000
BoneName: bone_78
BoneIndex: 27
BoneParentIndex: 24
BoneChildrenCount: 0
1.000000 0.000000 -0.000000 0.000000
0.000000 1.000000 -0.000000 0.000000
-0.000000 -0.000000 1.000000 -0.000000
0.058333 -0.097257 -0.171738 1.000000
1.000000 0.000000 -0.000000 0.000000
0.000000 1.000000 -0.000000 0.000000
-0.000000 -0.000000 1.000000 -0.000000
-0.058332 -4.019488 0.277064 1.000000
BoneName: bone_8
BoneIndex: 28
BoneParentIndex: 6
BoneChildrenCount: 1
29
1.000000 0.000000 -0.000000 0.000000
0.000000 1.000000 -0.000000 0.000000
-0.000000 -0.000000 1.000000 -0.000000
0.001500 0.507768 0.134129 1.000000
1.000000 0.000000 0.000000 0.000000
-0.000000 1.000000 0.000000 0.000000
-0.000000 -0.000000 1.000000 -0.000000
-0.001499 -3.745064 0.013946 1.000000
BoneName: bone_9
BoneIndex: 29
BoneParentIndex: 28
BoneChildrenCount: 2
30
49
1.000000 0.000000 -0.000000 0.000000
0.000000 1.000000 -0.000000 0.000000
-0.000000 -0.000000 1.000000 -0.000000
-0.370350 -0.000001 0.000000 1.000000
1.000000 -0.000000 0.000000 0.000000
0.000000 1.000000 -0.000005 0.000000
-0.000000 0.000005 1.000000 -0.000000
0.368849 -3.745063 0.013966 1.000000
BoneName: bone_10
BoneIndex: 30
BoneParentIndex: 29
BoneChildrenCount: 2
31
48
1.000000 0.000000 -0.000000 0.000000
0.000000 1.000000 -0.000000 0.000000
-0.000000 -0.000000 1.000000 -0.000000
-0.650546 -0.003808 0.013115 1.000000
1.000000 -0.000000 0.000000 0.000000
0.000000 1.000000 -0.000005 0.000000
-0.000000 0.000005 1.000000 -0.000000
1.019395 -3.741256 0.000851 1.000000
BoneName: bone_11
BoneIndex: 31
BoneParentIndex: 30
BoneChildrenCount: 4
32
35
38
41
1.000000 0.000000 -0.000000 0.000000
0.000000 1.000000 -0.000000 0.000000
-0.000000 -0.000000 1.000000 -0.000000
-0.631954 -0.003699 -0.013115 1.000000
1.000000 -0.000000 0.000000 0.000000
0.000000 1.000000 0.000000 0.000000
-0.000000 -0.000000 1.000000 -0.000000
1.651351 -3.737556 0.013946 1.000000
BoneName: bone_28
BoneIndex: 32
BoneParentIndex: 31
BoneChildrenCount: 1
33
0.662781 0.320344 0.676831 0.000000
0.706767 0.030998 -0.706767 0.000000
-0.247389 0.946794 -0.205864 -0.000000
-0.106272 -0.053230 -0.100746 1.000000
0.662781 0.706767 -0.247389 0.000000
0.320344 0.030997 0.946794 0.000000
0.676831 -0.706767 -0.205864 -0.000000
0.062295 1.046964 -3.946724 1.000000
BoneName: bone_29
BoneIndex: 33
BoneParentIndex: 32
BoneChildrenCount: 1
34
1.000000 0.000000 -0.000000 0.000000
0.000000 1.000000 -0.000000 0.000000
-0.000000 -0.000000 1.000000 -0.000000
-0.049120 -0.003042 -0.000000 1.000000
0.662781 0.706767 -0.247389 0.000000
0.320344 0.030997 0.946794 0.000000
0.676831 -0.706767 -0.205864 -0.000000
0.111415 1.050007 -3.946724 1.000000
BoneName: bone_30
BoneIndex: 34
BoneParentIndex: 33
BoneChildrenCount: 0
1.000000 0.000000 -0.000000 0.000000
0.000000 1.000000 -0.000000 0.000000
-0.000000 -0.000000 1.000000 -0.000000
-0.049442 -0.014601 -0.000000 1.000000
0.662781 0.706767 -0.247389 0.000000
0.320344 0.030997 0.946794 0.000000
0.676831 -0.706767 -0.205864 -0.000000
0.160858 1.064608 -3.946724 1.000000
BoneName: bone_31
BoneIndex: 35
BoneParentIndex: 31
BoneChildrenCount: 1
36
0.989301 0.004155 0.145827 0.000000
0.018171 0.988301 -0.151433 0.000000
-0.144750 0.152463 0.977652 -0.000000
-0.214556 0.000208 -0.076179 1.000000
0.989301 0.018171 -0.144750 0.000000
0.004155 0.988301 0.152463 0.000000
0.145827 -0.151433 0.977651 -0.000000
1.843557 -3.673776 -0.751849 1.000000
BoneName: bone_32
BoneIndex: 36
BoneParentIndex: 35
BoneChildrenCount: 1
37
1.000000 0.000000 -0.000000 0.000000
0.000000 1.000000 -0.000000 0.000000
-0.000000 -0.000000 1.000000 -0.000000
-0.076064 -0.002140 -0.000000 1.000000
0.989301 0.018171 -0.144750 0.000000
0.004155 0.988301 0.152463 0.000000
0.145827 -0.151433 0.977651 -0.000000
1.919620 -3.671636 -0.751849 1.000000
BoneName: bone_33
BoneIndex: 37
BoneParentIndex: 36
BoneChildrenCount: 0
1.000000 0.000000 -0.000000 0.000000
0.000000 1.000000 -0.000000 0.000000
-0.000000 -0.000000 1.000000 -0.000000
-0.056262 -0.005065 -0.000000 1.000000
0.989301 0.018171 -0.144750 0.000000
0.004155 0.988301 0.152463 0.000000
0.145827 -0.151433 0.977651 -0.000000
1.975883 -3.666571 -0.751849 1.000000
BoneName: bone_34
BoneIndex: 38
BoneParentIndex: 31
BoneChildrenCount: 1
39
0.999888 0.000000 0.014938 0.000000
0.000000 1.000000 -0.000000 0.000000
-0.014938 -0.000000 0.999888 -0.000000
-0.221438 0.000000 -0.016075 1.000000
0.999888 0.000000 -0.014938 0.000000
0.000000 1.000000 0.000000 0.000000
0.014938 -0.000000 0.999888 -0.000000
1.873028 -3.737556 0.002041 1.000000
BoneName: bone_35
BoneIndex: 39
BoneParentIndex: 38
BoneChildrenCount: 1
40
1.000000 0.000000 -0.000000 0.000000
0.000000 1.000000 -0.000000 0.000000
-0.000000 -0.000000 1.000000 -0.000000
-0.084384 0.000728 -0.000000 1.000000
0.999888 -0.000000 -0.014938 0.000000
0.000000 1.000000 0.000000 0.000000
0.014938 -0.000000 0.999888 -0.000000
1.957412 -3.738284 0.002041 1.000000
BoneName: bone_36
BoneIndex: 40
BoneParentIndex: 39
BoneChildrenCount: 0
1.000000 0.000000 -0.000000 0.000000
0.000000 1.000000 -0.000000 0.000000
-0.000000 -0.000000 1.000000 -0.000000
-0.061701 -0.004017 -0.000000 1.000000
0.999888 -0.000000 -0.014938 0.000000
0.000000 1.000000 0.000000 0.000000
0.014938 -0.000000 0.999888 -0.000000
2.019113 -3.734267 0.002041 1.000000
BoneName: bone_37
BoneIndex: 41
BoneParentIndex: 31
BoneChildrenCount: 2
42
45
-0.549074 0.000000 0.835774 0.000000
-0.835774 0.000000 -0.549074 0.000000
-0.000000 -1.000000 -0.000000 -0.000000
0.000000 0.000000 -0.000000 1.000000
-0.549074 -0.835774 0.000000 0.000000
-0.000000 -0.000000 -1.000000 0.000000
0.835774 -0.549074 0.000000 -0.000000
-0.895058 -1.387813 3.737556 1.000000
BoneName: bone_38
BoneIndex: 42
BoneParentIndex: 41
BoneChildrenCount: 1
43
-0.658440 -0.752632 -0.001508 0.000000
0.129008 -0.110888 -0.985424 0.000000
0.741494 -0.649037 0.170109 -0.000000
0.150481 0.161384 -0.000000 1.000000
0.990562 0.021843 0.135313 0.000000
0.001508 0.985424 -0.170109 0.000000
-0.137056 0.168708 0.976091 -0.000000
1.848763 -3.646173 0.866018 1.000000
BoneName: bone_39
BoneIndex: 43
BoneParentIndex: 42
BoneChildrenCount: 1
44
1.000000 0.000000 -0.000000 0.000000
0.000000 1.000000 -0.000000 0.000000
-0.000000 -0.000000 1.000000 -0.000000
-0.078403 -0.006371 -0.000000 1.000000
0.990562 0.021843 0.135313 0.000000
0.001508 0.985424 -0.170109 0.000000
-0.137056 0.168708 0.976091 -0.000000
1.927166 -3.639802 0.866018 1.000000
BoneName: bone_40
BoneIndex: 44
BoneParentIndex: 43
BoneChildrenCount: 0
1.000000 0.000000 -0.000000 0.000000
0.000000 1.000000 -0.000000 0.000000
-0.000000 -0.000000 1.000000 -0.000000
-0.053812 -0.005318 -0.000000 1.000000
0.990562 0.021843 0.135313 0.000000
0.001508 0.985424 -0.170109 0.000000
-0.137056 0.168708 0.976091 -0.000000
1.980977 -3.634484 0.866018 1.000000
BoneName: bone_41
BoneIndex: 45
BoneParentIndex: 41
BoneChildrenCount: 1
46
-0.716756 -0.697324 0.000000 0.000000
0.131426 -0.135089 -0.982078 0.000000
0.684827 -0.703911 0.188472 -0.000000
0.188628 0.124177 0.014703 1.000000
0.976357 0.040741 0.212290 0.000000
0.000000 0.982079 -0.188472 0.000000
-0.216164 0.184016 0.958859 -0.000000
1.831085 -3.594306 1.023824 1.000000
BoneName: bone_42
BoneIndex: 46
BoneParentIndex: 45
BoneChildrenCount: 1
47
1.000000 0.000000 -0.000000 0.000000
0.000000 1.000000 -0.000000 0.000000
-0.000000 -0.000000 1.000000 -0.000000
-0.056554 -0.001366 -0.000000 1.000000
0.976357 0.040741 0.212290 0.000000
0.000000 0.982079 -0.188472 0.000000
-0.216164 0.184016 0.958859 -0.000000
1.887640 -3.592940 1.023824 1.000000
BoneName: bone_43
BoneIndex: 47
BoneParentIndex: 46
BoneChildrenCount: 0
1.000000 0.000000 -0.000000 0.000000
0.000000 1.000000 -0.000000 0.000000
-0.000000 -0.000000 1.000000 -0.000000
-0.043201 -0.006622 0.000000 1.000000
0.976357 0.040741 0.212290 0.000000
0.000000 0.982079 -0.188472 0.000000
-0.216164 0.184016 0.958859 -0.000000
1.930840 -3.586318 1.023824 1.000000
BoneName: bone_13
BoneIndex: 48
BoneParentIndex: 30
BoneChildrenCount: 0
1.000000 0.000000 -0.000000 0.000000
0.000000 1.000000 -0.000000 0.000000
-0.000000 -0.000000 1.000000 -0.000000
0.000000 0.000000 -0.000000 1.000000
1.000000 -0.000000 0.000000 0.000000
0.000000 1.000000 -0.000006 0.000000
-0.000000 0.000006 1.000000 -0.000000
1.019395 -3.741256 0.000853 1.000000
BoneName: bone_12
BoneIndex: 49
BoneParentIndex: 29
BoneChildrenCount: 0
-0.970142 -0.000000 0.242536 0.000000
-0.000000 1.000000 0.000000 0.000000
-0.242536 0.000000 -0.970142 -0.000000
0.000000 0.000000 -0.000000 1.000000
-0.970142 -0.000000 -0.242536 0.000000
-0.000002 1.000000 0.000005 0.000000
0.242536 0.000005 -0.970142 -0.000000
-0.354449 -3.745063 -0.103008 1.000000
BoneName: bone_14
BoneIndex: 50
BoneParentIndex: 6
BoneChildrenCount: 1
51
1.000000 0.000000 -0.000000 0.000000
0.000000 1.000000 -0.000000 0.000000
-0.000000 -0.000000 1.000000 -0.000000
-0.001500 0.507768 0.134129 1.000000
1.000000 0.000000 -0.000000 0.000000
0.000000 1.000000 -0.000000 0.000000
-0.000000 -0.000000 1.000000 -0.000000
0.001501 -3.745064 0.013946 1.000000
BoneName: bone_15
BoneIndex: 51
BoneParentIndex: 50
BoneChildrenCount: 2
52
71
1.000000 0.000000 -0.000000 0.000000
0.000000 1.000000 -0.000000 0.000000
-0.000000 -0.000000 1.000000 -0.000000
0.371850 -0.000001 0.000000 1.000000
1.000000 0.000001 -0.000000 0.000000
-0.000001 1.000000 -0.000001 0.000000
0.000000 0.000001 1.000000 -0.000000
-0.370346 -3.745064 0.013950 1.000000
BoneName: bone_16
BoneIndex: 52
BoneParentIndex: 51
BoneChildrenCount: 2
53
70
1.000000 0.000000 -0.000000 0.000000
0.000000 1.000000 -0.000000 0.000000
-0.000000 -0.000000 1.000000 -0.000000
0.649046 -0.003801 0.013115 1.000000
1.000000 0.000001 -0.000000 0.000000
-0.000001 1.000000 -0.000001 0.000000
0.000000 0.000001 1.000000 -0.000000
-1.019392 -3.741262 0.000835 1.000000
BoneName: bone_17
BoneIndex: 53
BoneParentIndex: 52
BoneChildrenCount: 4
54
57
60
63
1.000000 0.000000 -0.000000 0.000000
0.000000 1.000000 -0.000000 0.000000
-0.000000 -0.000000 1.000000 -0.000000
0.631954 -0.003701 -0.013115 1.000000
1.000000 -0.000000 0.000000 0.000000
0.000000 1.000000 0.000000 0.000000
-0.000000 -0.000000 1.000000 -0.000000
-1.651349 -3.737559 0.013946 1.000000
BoneName: bone_44
BoneIndex: 54
BoneParentIndex: 53
BoneChildrenCount: 1
55
0.662781 -0.320344 -0.676831 0.000000
-0.706767 0.030998 -0.706767 0.000000
0.247389 0.946794 -0.205864 -0.000000
0.106272 -0.053230 -0.100746 1.000000
0.662781 -0.706767 0.247389 0.000000
-0.320344 0.030997 0.946794 0.000000
-0.676831 -0.706767 -0.205864 -0.000000
-0.062293 1.046963 -3.946728 1.000000
BoneName: bone_45
BoneIndex: 55
BoneParentIndex: 54
BoneChildrenCount: 1
56
1.000000 0.000000 -0.000000 0.000000
0.000000 1.000000 -0.000000 0.000000
-0.000000 -0.000000 1.000000 -0.000000
0.049120 -0.003042 -0.000000 1.000000
0.662781 -0.706767 0.247389 0.000000
-0.320344 0.030997 0.946794 0.000000
-0.676831 -0.706767 -0.205864 -0.000000
-0.111413 1.050006 -3.946727 1.000000
BoneName: bone_46
BoneIndex: 56
BoneParentIndex: 55
BoneChildrenCount: 0
1.000000 0.000000 -0.000000 0.000000
0.000000 1.000000 -0.000000 0.000000
-0.000000 -0.000000 1.000000 -0.000000
0.049442 -0.014601 -0.000000 1.000000
0.662781 -0.706767 0.247389 0.000000
-0.320344 0.030997 0.946794 0.000000
-0.676831 -0.706767 -0.205864 -0.000000
-0.160856 1.064607 -3.946727 1.000000
BoneName: bone_47
BoneIndex: 57
BoneParentIndex: 53
BoneChildrenCount: 1
58
0.989301 -0.004155 -0.145828 0.000000
-0.018171 0.988301 -0.151433 0.000000
0.144751 0.152463 0.977652 -0.000000
0.214556 0.000208 -0.076179 1.000000
0.989301 -0.018171 0.144751 0.000000
-0.004155 0.988301 0.152463 0.000000
-0.145828 -0.151433 0.977651 -0.000000
-1.843556 -3.673780 -0.751850 1.000000
BoneName: bone_48
BoneIndex: 58
BoneParentIndex: 57
BoneChildrenCount: 1
59
1.000000 0.000000 -0.000000 0.000000
0.000000 1.000000 -0.000000 0.000000
-0.000000 -0.000000 1.000000 -0.000000
0.076063 -0.002140 -0.000000 1.000000
0.989301 -0.018171 0.144751 0.000000
-0.004155 0.988301 0.152463 0.000000
-0.145828 -0.151433 0.977651 -0.000000
-1.919619 -3.671640 -0.751850 1.000000
BoneName: bone_49
BoneIndex: 59
BoneParentIndex: 58
BoneChildrenCount: 0
1.000000 0.000000 -0.000000 0.000000
0.000000 1.000000 -0.000000 0.000000
-0.000000 -0.000000 1.000000 -0.000000
0.056262 -0.005065 -0.000000 1.000000
0.989301 -0.018171 0.144751 0.000000
-0.004155 0.988301 0.152463 0.000000
-0.145828 -0.151433 0.977651 -0.000000
-1.975881 -3.666575 -0.751850 1.000000
BoneName: bone_50
BoneIndex: 60
BoneParentIndex: 53
BoneChildrenCount: 1
61
0.999888 0.000000 -0.014938 0.000000
0.000000 1.000000 -0.000000 0.000000
0.014938 -0.000000 0.999888 -0.000000
0.221438 0.000000 -0.016075 1.000000
0.999888 -0.000000 0.014938 0.000000
0.000000 1.000000 0.000000 0.000000
-0.014938 -0.000000 0.999888 -0.000000
-1.873027 -3.737559 0.002041 1.000000
BoneName: bone_51
BoneIndex: 61
BoneParentIndex: 60
BoneChildrenCount: 1
62
1.000000 0.000000 -0.000000 0.000000
0.000000 1.000000 -0.000000 0.000000
-0.000000 -0.000000 1.000000 -0.000000
0.084384 0.000728 0.000000 1.000000
0.999888 -0.000000 0.014938 0.000000
0.000000 1.000000 0.000000 0.000000
-0.014938 -0.000000 0.999888 -0.000000
-1.957411 -3.738287 0.002041 1.000000
BoneName: bone_52
BoneIndex: 62
BoneParentIndex: 61
BoneChildrenCount: 0
1.000000 0.000000 -0.000000 0.000000
0.000000 1.000000 -0.000000 0.000000
-0.000000 -0.000000 1.000000 -0.000000
0.061701 -0.004017 0.000000 1.000000
0.999888 -0.000000 0.014938 0.000000
0.000000 1.000000 0.000000 0.000000
-0.014938 -0.000000 0.999888 -0.000000
-2.019112 -3.734270 0.002041 1.000000
BoneName: bone_53
BoneIndex: 63
BoneParentIndex: 53
BoneChildrenCount: 2
64
67
0.549074 0.000000 0.835774 0.000000
-0.835774 -0.000000 0.549074 0.000000
0.000000 -1.000000 -0.000000 -0.000000
0.193095 0.000000 -0.000000 1.000000
0.549074 -0.835774 -0.000000 0.000000
-0.000000 0.000000 -1.000000 0.000000
0.835774 0.549074 0.000000 -0.000000
-1.001081 1.549196 3.737560 1.000000
BoneName: bone_54
BoneIndex: 64
BoneParentIndex: 63
BoneChildrenCount: 1
65
0.658440 -0.752632 0.001508 0.000000
0.129008 0.110888 -0.985424 0.000000
0.741494 0.649037 0.170109 -0.000000
0.044457 0.000000 -0.000000 1.000000
0.990562 -0.021843 -0.135313 0.000000
-0.001508 0.985424 -0.170109 0.000000
0.137056 0.168708 0.976091 -0.000000
-1.848761 -3.646176 0.866018 1.000000
BoneName: bone_55
BoneIndex: 65
BoneParentIndex: 64
BoneChildrenCount: 1
66
1.000000 0.000000 -0.000000 0.000000
0.000000 1.000000 -0.000000 0.000000
-0.000000 -0.000000 1.000000 -0.000000
0.078403 -0.006371 -0.000000 1.000000
0.990562 -0.021843 -0.135313 0.000000
-0.001508 0.985424 -0.170109 0.000000
0.137056 0.168708 0.976091 -0.000000
-1.927164 -3.639806 0.866018 1.000000
BoneName: bone_56
BoneIndex: 66
BoneParentIndex: 65
BoneChildrenCount: 0
1.000000 0.000000 -0.000000 0.000000
0.000000 1.000000 -0.000000 0.000000
-0.000000 -0.000000 1.000000 -0.000000
0.053812 -0.005318 -0.000000 1.000000
0.990562 -0.021843 -0.135313 0.000000
-0.001508 0.985424 -0.170109 0.000000
0.137056 0.168708 0.976091 -0.000000
-1.980976 -3.634487 0.866018 1.000000
BoneName: bone_57
BoneIndex: 67
BoneParentIndex: 63
BoneChildrenCount: 1
68
0.716757 -0.697323 0.000000 0.000000
0.131426 0.135089 -0.982078 0.000000
0.684826 0.703911 0.188472 -0.000000
0.082605 0.037207 0.014703 1.000000
0.976357 -0.040741 -0.212290 0.000000
-0.000000 0.982079 -0.188472 0.000000
0.216164 0.184016 0.958859 -0.000000
-1.831084 -3.594310 1.023825 1.000000
BoneName: bone_58
BoneIndex: 68
BoneParentIndex: 67
BoneChildrenCount: 1
69
1.000000 0.000000 -0.000000 0.000000
0.000000 1.000000 -0.000000 0.000000
-0.000000 -0.000000 1.000000 -0.000000
0.056554 -0.001366 -0.000000 1.000000
0.976357 -0.040741 -0.212290 0.000000
-0.000000 0.982079 -0.188472 0.000000
0.216164 0.184016 0.958859 -0.000000
-1.887638 -3.592943 1.023825 1.000000
BoneName: bone_59
BoneIndex: 69
BoneParentIndex: 68
BoneChildrenCount: 0
1.000000 0.000000 -0.000000 0.000000
0.000000 1.000000 -0.000000 0.000000
-0.000000 -0.000000 1.000000 -0.000000
0.043201 -0.006622 -0.000000 1.000000
0.976357 -0.040741 -0.212290 0.000000
-0.000000 0.982079 -0.188472 0.000000
0.216164 0.184016 0.958859 -0.000000
-1.930839 -3.586322 1.023825 1.000000
BoneName: bone_19
BoneIndex: 70
BoneParentIndex: 52
BoneChildrenCount: 0
1.000000 0.000000 -0.000000 0.000000
0.000000 1.000000 -0.000000 0.000000
-0.000000 -0.000000 1.000000 -0.000000
0.000000 0.000000 -0.000000 1.000000
1.000000 0.000001 -0.000000 0.000000
-0.000001 1.000000 -0.000001 0.000000
0.000000 0.000001 1.000000 -0.000000
-1.019392 -3.741262 0.000834 1.000000
BoneName: bone_18
BoneIndex: 71
BoneParentIndex: 51
BoneChildrenCount: 0
0.970142 0.000000 0.242536 0.000000
-0.000128 1.000000 0.000510 0.000000
-0.242536 -0.000526 0.970142 -0.000000
0.000000 0.000000 -0.000000 1.000000
0.970142 -0.000127 -0.242536 0.000000
-0.000001 1.000000 -0.000527 0.000000
0.242536 0.000511 0.970142 -0.000000
-0.355906 -3.745008 0.105325 1.000000
BoneName: bone_20
BoneIndex: 72
BoneParentIndex: 3
BoneChildrenCount: 1
73
1.000000 -0.000001 -0.000017 0.000000
0.000001 1.000000 0.000000 0.000000
0.000017 -0.000000 1.000000 -0.000000
-0.150000 0.000000 -0.000000 1.000000
1.000000 0.000001 0.000017 0.000000
-0.000001 1.000000 -0.000000 0.000000
-0.000017 0.000000 1.000000 -0.000000
0.150000 -2.519511 0.145184 1.000000
BoneName: bone_21
BoneIndex: 73
BoneParentIndex: 72
BoneChildrenCount: 1
74
1.000000 0.000000 -0.000000 0.000000
0.000000 1.000000 -0.000000 0.000000
-0.000000 -0.000000 1.000000 -0.000000
-0.003653 -1.137005 0.019036 1.000000
1.000000 0.000001 0.000017 0.000000
-0.000001 1.000000 -0.000000 0.000000
-0.000017 0.000000 1.000000 -0.000000
0.153653 -1.382506 0.126148 1.000000
BoneName: bone_22
BoneIndex: 74
BoneParentIndex: 73
BoneChildrenCount: 1
75
1.000000 0.000001 0.000017 0.000000
-0.000001 1.000000 -0.000000 0.000000
-0.000017 0.000000 1.000000 -0.000000
-0.003498 -1.088476 0.083407 1.000000
1.000000 -0.000000 -0.000000 0.000000
0.000000 1.000000 -0.000000 0.000000
0.000000 0.000000 1.000000 -0.000000
0.157152 -0.294030 0.042738 1.000000
BoneName: bone_23
BoneIndex: 75
BoneParentIndex: 74
BoneChildrenCount: 0
1.000000 0.000000 -0.000000 0.000000
0.000000 1.000000 -0.000000 0.000000
-0.000000 -0.000000 1.000000 -0.000000
0.000000 -0.210841 -0.206563 1.000000
1.000000 -0.000000 -0.000000 0.000000
0.000000 1.000000 -0.000000 0.000000
0.000000 0.000000 1.000000 -0.000000
0.157152 -0.083190 0.249300 1.000000
BoneName: bone_24
BoneIndex: 76
BoneParentIndex: 3
BoneChildrenCount: 1
77
1.000000 0.000002 0.000018 0.000000
-0.000002 1.000000 0.000000 0.000000
-0.000018 -0.000000 1.000000 -0.000000
0.150000 0.000000 -0.000000 1.000000
1.000000 -0.000002 -0.000018 0.000000
0.000002 1.000000 -0.000000 0.000000
0.000018 0.000000 1.000000 -0.000000
-0.150002 -2.519511 0.145184 1.000000
BoneName: bone_25
BoneIndex: 77
BoneParentIndex: 76
BoneChildrenCount: 1
78
1.000000 0.000000 -0.000000 0.000000
0.000000 1.000000 -0.000000 0.000000
-0.000000 -0.000000 1.000000 -0.000000
0.003653 -1.137006 0.019036 1.000000
1.000000 -0.000002 -0.000018 0.000000
0.000002 1.000000 -0.000000 0.000000
0.000018 0.000000 1.000000 -0.000000
-0.153655 -1.382506 0.126148 1.000000
BoneName: bone_26
BoneIndex: 78
BoneParentIndex: 77
BoneChildrenCount: 1
79
1.000000 -0.000002 -0.000018 0.000000
0.000002 1.000000 -0.000000 0.000000
0.000018 0.000000 1.000000 -0.000000
0.003498 -1.088476 0.083407 1.000000
1.000000 0.000000 0.000000 0.000000
-0.000000 1.000000 0.000000 0.000000
-0.000000 -0.000000 1.000000 -0.000000
-0.157153 -0.294030 0.042738 1.000000
BoneName: bone_27
BoneIndex: 79
BoneParentIndex: 78
BoneChildrenCount: 0
1.000000 0.000000 -0.000000 0.000000
0.000000 1.000000 -0.000000 0.000000
-0.000000 -0.000000 1.000000 -0.000000
0.003680 -0.210809 -0.206563 1.000000
1.000000 0.000000 0.000000 0.000000
-0.000000 1.000000 0.000000 0.000000
-0.000000 -0.000000 1.000000 -0.000000
-0.160833 -0.083222 0.249300 1.000000
BoneName: model_0_submesh_0
BoneIndex: 80
BoneParentIndex: 0
BoneChildrenCount: 0
1.000000 0.000000 -0.000000 0.000000
0.000000 1.000000 -0.000000 0.000000
-0.000000 -0.000000 1.000000 -0.000000
0.000000 0.000000 -0.000000 1.000000
1.000000 0.000000 0.000000 0.000000
0.000000 1.000000 0.000000 0.000000
0.000000 0.000000 1.000000 0.000000
0.000000 0.000000 0.000000 1.000000
BoneName: model_0_submesh_1
BoneIndex: 81
BoneParentIndex: 0
BoneChildrenCount: 0
1.000000 0.000000 -0.000000 0.000000
0.000000 1.000000 -0.000000 0.000000
-0.000000 -0.000000 1.000000 -0.000000
0.000000 0.000000 -0.000000 1.000000
1.000000 0.000000 0.000000 0.000000
0.000000 1.000000 0.000000 0.000000
0.000000 0.000000 1.000000 0.000000
0.000000 0.000000 0.000000 1.000000
BoneName: model_0_submesh_2
BoneIndex: 82
BoneParentIndex: 0
BoneChildrenCount: 0
1.000000 0.000000 -0.000000 0.000000
0.000000 1.000000 -0.000000 0.000000
-0.000000 -0.000000 1.000000 -0.000000
0.000000 0.000000 -0.000000 1.000000
1.000000 0.000000 0.000000 0.000000
0.000000 1.000000 0.000000 0.000000
0.000000 0.000000 1.000000 0.000000
0.000000 0.000000 0.000000 1.000000
BoneName: model_0_submesh_3
BoneIndex: 83
BoneParentIndex: 0
BoneChildrenCount: 0
1.000000 0.000000 -0.000000 0.000000
0.000000 1.000000 -0.000000 0.000000
-0.000000 -0.000000 1.000000 -0.000000
0.000000 0.000000 -0.000000 1.000000
1.000000 0.000000 0.000000 0.000000
0.000000 1.000000 0.000000 0.000000
0.000000 0.000000 1.000000 0.000000
0.000000 0.000000 0.000000 1.000000
BoneName: model_0_submesh_4
BoneIndex: 84
BoneParentIndex: 0
BoneChildrenCount: 0
1.000000 0.000000 -0.000000 0.000000
0.000000 1.000000 -0.000000 0.000000
-0.000000 -0.000000 1.000000 -0.000000
0.000000 0.000000 -0.000000 1.000000
1.000000 0.000000 0.000000 0.000000
0.000000 1.000000 0.000000 0.000000
0.000000 0.000000 1.000000 0.000000
0.000000 0.000000 0.000000 1.000000
BoneName: model_0_submesh_5
BoneIndex: 85
BoneParentIndex: 0
BoneChildrenCount: 0
1.000000 0.000000 -0.000000 0.000000
0.000000 1.000000 -0.000000 0.000000
-0.000000 -0.000000 1.000000 -0.000000
0.000000 0.000000 -0.000000 1.000000
1.000000 0.000000 0.000000 0.000000
0.000000 1.000000 0.000000 0.000000
0.000000 0.000000 1.000000 0.000000
0.000000 0.000000 0.000000 1.000000
BoneName: model_0_submesh_6
BoneIndex: 86
BoneParentIndex: 0
BoneChildrenCount: 0
1.000000 0.000000 -0.000000 0.000000
0.000000 1.000000 -0.000000 0.000000
-0.000000 -0.000000 1.000000 -0.000000
0.000000 0.000000 -0.000000 1.000000
1.000000 0.000000 0.000000 0.000000
0.000000 1.000000 0.000000 0.000000
0.000000 0.000000 1.000000 0.000000
0.000000 0.000000 0.000000 1.000000
BoneName: model_0_submesh_7
BoneIndex: 87
BoneParentIndex: 0
BoneChildrenCount: 0
1.000000 0.000000 -0.000000 0.000000
0.000000 1.000000 -0.000000 0.000000
-0.000000 -0.000000 1.000000 -0.000000
0.000000 0.000000 -0.000000 1.000000
1.000000 0.000000 0.000000 0.000000
0.000000 1.000000 0.000000 0.000000
0.000000 0.000000 1.000000 0.000000
0.000000 0.000000 0.000000 1.000000
BoneName: model_0_submesh_8
BoneIndex: 88
BoneParentIndex: 0
BoneChildrenCount: 0
1.000000 0.000000 -0.000000 0.000000
0.000000 1.000000 -0.000000 0.000000
-0.000000 -0.000000 1.000000 -0.000000
0.000000 0.000000 -0.000000 1.000000
1.000000 0.000000 0.000000 0.000000
0.000000 1.000000 0.000000 0.000000
0.000000 0.000000 1.000000 0.000000
0.000000 0.000000 0.000000 1.000000
BoneName: model_0_submesh_9
BoneIndex: 89
BoneParentIndex: 0
BoneChildrenCount: 0
1.000000 0.000000 -0.000000 0.000000
0.000000 1.000000 -0.000000 0.000000
-0.000000 -0.000000 1.000000 -0.000000
0.000000 0.000000 -0.000000 1.000000
1.000000 0.000000 0.000000 0.000000
0.000000 1.000000 0.000000 0.000000
0.000000 0.000000 1.000000 0.000000
0.000000 0.000000 0.000000 1.000000
BoneName: model_0_submesh_10
BoneIndex: 90
BoneParentIndex: 0
BoneChildrenCount: 0
1.000000 0.000000 -0.000000 0.000000
0.000000 1.000000 -0.000000 0.000000
-0.000000 -0.000000 1.000000 -0.000000
0.000000 0.000000 -0.000000 1.000000
1.000000 0.000000 0.000000 0.000000
0.000000 1.000000 0.000000 0.000000
0.000000 0.000000 1.000000 0.000000
0.000000 0.000000 0.000000 1.000000
BoneName: model_0_submesh_11
BoneIndex: 91
BoneParentIndex: 0
BoneChildrenCount: 0
1.000000 0.000000 -0.000000 0.000000
0.000000 1.000000 -0.000000 0.000000
-0.000000 -0.000000 1.000000 -0.000000
0.000000 0.000000 -0.000000 1.000000
1.000000 0.000000 0.000000 0.000000
0.000000 1.000000 0.000000 0.000000
0.000000 0.000000 1.000000 0.000000
0.000000 0.000000 0.000000 1.000000
