BoneCount: 37
RootBone: 0
BoneName: RootNode
BoneIndex: 0
BoneParentIndex: -1
BoneChildrenCount: 4
1
2
3
4
1.000000 0.000000 -0.000000 0.000000
0.000000 1.000000 -0.000000 0.000000
-0.000000 -0.000000 1.000000 -0.000000
0.000000 0.000000 -0.000000 1.000000
1.000000 0.000000 0.000000 0.000000
0.000000 1.000000 0.000000 0.000000
0.000000 0.000000 1.000000 0.000000
0.000000 0.000000 0.000000 1.000000
BoneName: Light
BoneIndex: 1
BoneParentIndex: 0
BoneChildrenCount: 0
-29.086468 -5.518903 95.517120 0.000000
56.639324 79.467232 21.839117 0.000000
-77.110085 60.452473 -19.988337 -0.000000
0.040762 0.059039 0.010055 1.000000
1.000000 0.000000 0.000000 0.000000
0.000000 1.000000 0.000000 0.000000
0.000000 0.000000 1.000000 0.000000
0.000000 0.000000 0.000000 1.000000
BoneName: Camera
BoneIndex: 2
BoneParentIndex: 0
BoneChildrenCount: 0
-65.155800 -44.527134 61.417068 0.000000
-32.401348 89.539574 30.542082 0.000000
-68.592087 -0.000018 -72.767609 -0.000000
0.073589 0.049583 -0.069258 1.000000
1.000000 0.000000 0.000000 0.000000
0.000000 1.000000 0.000000 0.000000
0.000000 0.000000 1.000000 0.000000
0.000000 0.000000 0.000000 1.000000
BoneName: KagamineRin
BoneIndex: 3
BoneParentIndex: 0
BoneChildrenCount: 0
100.000000 0.000000 -0.000000 0.000000
0.000000 100.000000 -0.000000 0.000000
-0.000000 -0.000000 100.000000 -0.000000
0.000000 0.000000 -0.000000 1.000000
1.000000 0.000000 0.000000 0.000000
0.000000 1.000000 0.000000 0.000000
0.000000 0.000000 1.000000 0.000000
0.000000 0.000000 0.000000 1.000000
BoneName: mixamorig:Hips
BoneIndex: 4
BoneParentIndex: 0
BoneChildrenCount: 3
5
27
32
1.000000 0.000000 -0.000000 0.000000
0.000000 1.000000 -0.000000 0.000000
-0.000000 -0.000000 1.000000 -0.000000
-0.002590 1.231420 -0.027198 1.000000
100.000000 0.000000 -0.000000 0.000000
0.000000 100.000000 0.000008 0.000000
-0.000000 -0.000008 100.000000 -0.000000
0.002590 -1.231420 0.027198 1.000000
BoneName: mixamorig:Spine
BoneIndex: 5
BoneParentIndex: 4
BoneChildrenCount: 1
6
1.000000 0.000000 -0.000000 0.000000
0.000000 0.999767 0.021573 0.000000
-0.000000 -0.021573 0.999767 -0.000000
0.000000 0.082150 0.001773 1.000000
100.000000 0.000000 -0.000000 0.000000
0.000000 99.976730 -2.157330 0.000000
-0.000000 2.157330 99.976730 -0.000000
0.002590 -1.312716 0.053757 1.000000
BoneName: mixamorig:Spine1
BoneIndex: 6
BoneParentIndex: 5
BoneChildrenCount: 1
7
1.000000 0.000000 -0.000000 0.000000
0.000000 1.000000 -0.000000 0.000000
-0.000000 -0.000000 1.000000 -0.000000
0.000000 0.095864 -0.000000 1.000000
100.000000 0.000000 -0.000000 0.000000
0.000000 99.976730 -2.157331 0.000000
-0.000000 2.157331 99.976730 -0.000000
0.002590 -1.408580 0.053757 1.000000
BoneName: mixamorig:Spine2
BoneIndex: 7
BoneParentIndex: 6
BoneChildrenCount: 3
8
11
19
1.000000 0.000000 -0.000000 0.000000
0.000000 1.000000 -0.000000 0.000000
-0.000000 -0.000000 1.000000 -0.000000
0.000000 0.109559 0.000000 1.000000
100.000000 0.000000 -0.000000 0.000000
0.000000 99.976730 -2.157331 0.000000
-0.000000 2.157331 99.976730 -0.000000
0.002590 -1.518140 0.053757 1.000000
BoneName: mixamorig:Neck
BoneIndex: 8
BoneParentIndex: 7
BoneChildrenCount: 1
9
1.000000 0.000000 -0.000000 0.000000
0.000000 0.999767 -0.021573 0.000000
-0.000000 0.021573 0.999767 -0.000000
0.000000 0.123254 -0.000000 1.000000
100.000000 0.000000 -0.000000 0.000000
0.000000 100.000000 0.000008 0.000000
-0.000000 -0.000008 100.000000 -0.000000
0.002590 -1.642172 0.018334 1.000000
BoneName: mixamorig:Head
BoneIndex: 9
BoneParentIndex: 8
BoneChildrenCount: 1
10
1.000000 0.000000 -0.000000 0.000000
0.000000 1.000000 -0.000000 0.000000
-0.000000 -0.000000 1.000000 -0.000000
0.000000 0.050321 0.002238 1.000000
100.000000 0.000000 -0.000000 0.000000
0.000000 100.000000 0.000008 0.000000
-0.000000 -0.000008 100.000000 -0.000000
0.002590 -1.692492 0.016096 1.000000
BoneName: mixamorig:HeadTop_End
BoneIndex: 10
BoneParentIndex: 9
BoneChildrenCount: 0
1.000000 0.000000 -0.000000 0.000000
0.000000 1.000000 -0.000000 0.000000
-0.000000 -0.000000 1.000000 -0.000000
0.000000 0.280410 0.012473 1.000000
1.000000 0.000000 0.000000 0.000000
0.000000 1.000000 0.000000 0.000000
0.000000 0.000000 1.000000 0.000000
0.000000 0.000000 0.000000 1.000000
BoneName: mixamorig:LeftShoulder
BoneIndex: 11
BoneParentIndex: 7
BoneChildrenCount: 1
12
-0.014658 -0.000055 0.999893 0.000000
0.885364 -0.464718 0.012953 0.000000
0.464667 0.885459 0.006861 -0.000000
0.037386 0.103438 0.000554 1.000000
-1.465793 88.536423 46.466694 0.000000
-2.162621 -46.488888 88.510490 0.000000
99.965866 0.292481 2.596138 -0.000000
0.053797 0.723457 -1.451644 1.000000
BoneName: mixamorig:LeftArm
BoneIndex: 12
BoneParentIndex: 11
BoneChildrenCount: 1
13
0.999978 0.006682 -0.000000 0.000000
-0.006678 0.999500 -0.030897 0.000000
-0.000206 0.030896 0.999523 -0.000000
-0.000000 0.086259 0.000000 1.000000
-0.874196 87.066307 49.180225 0.000000
-2.473193 -49.185883 87.032364 0.000000
99.965591 -0.455488 2.583299 -0.000000
0.058054 0.681371 -1.431275 1.000000
BoneName: mixamorig:LeftForeArm
BoneIndex: 13
BoneParentIndex: 12
BoneChildrenCount: 1
14
0.999829 0.018470 0.000000 0.000000
-0.018463 0.999459 -0.027202 0.000000
-0.000502 0.027198 0.999630 -0.000000
0.000000 0.274362 -0.000000 1.000000
0.734041 85.697563 51.530460 0.000000
-3.381219 -51.481110 85.663658 0.000000
99.940125 -2.371164 2.519730 -0.000000
0.065561 0.444652 -1.419705 1.000000
BoneName: mixamorig:LeftHand
BoneIndex: 14
BoneParentIndex: 13
BoneChildrenCount: 1
15
0.999990 0.004374 -0.000000 0.000000
-0.004191 0.958174 0.286156 0.000000
0.001252 -0.286153 0.958183 -0.000000
0.000000 0.271149 -0.000000 1.000000
1.108840 96.855835 24.853931 0.000000
-3.606344 -24.800552 96.808716 0.000000
99.928795 -1.969772 3.217956 -0.000000
0.066319 -0.240285 -1.409904 1.000000
BoneName: mixamorig:LeftHandIndex1
BoneIndex: 15
BoneParentIndex: 14
BoneChildrenCount: 1
16
0.997290 -0.073575 -0.000000 0.000000
0.070635 0.957438 -0.279864 0.000000
0.020591 0.279105 0.960040 -0.000000
0.000000 0.099878 -0.000000 1.000000
-6.020364 85.856033 50.916565 0.000000
-1.771861 -51.092972 85.943985 0.000000
99.802887 4.271971 4.597232 -0.000000
0.091167 0.073580 -1.447140 1.000000
BoneName: mixamorig:LeftHandIndex2
BoneIndex: 16
BoneParentIndex: 15
BoneChildrenCount: 1
17
1.000000 0.000000 -0.000000 0.000000
0.000000 1.000000 -0.000000 0.000000
-0.000000 -0.000000 1.000000 -0.000000
-0.000000 0.013256 0.000000 1.000000
-6.020364 85.856033 50.916565 0.000000
-1.771861 -51.092972 85.943985 0.000000
99.802887 4.271971 4.597232 -0.000000
0.091167 0.060324 -1.447140 1.000000
BoneName: mixamorig:LeftHandIndex3
BoneIndex: 17
BoneParentIndex: 16
BoneChildrenCount: 1
18
1.000000 0.000000 -0.000000 0.000000
0.000000 1.000000 -0.000000 0.000000
-0.000000 -0.000000 1.000000 -0.000000
-0.001824 0.023211 -0.004692 1.000000
-6.020364 85.856033 50.916565 0.000000
-1.771861 -51.092972 85.943985 0.000000
99.802887 4.271971 4.597232 -0.000000
0.092991 0.037113 -1.442447 1.000000
BoneName: mixamorig:LeftHandIndex4
BoneIndex: 18
BoneParentIndex: 17
BoneChildrenCount: 0
1.000000 0.000000 -0.000000 0.000000
0.000000 1.000000 -0.000000 0.000000
-0.000000 -0.000000 1.000000 -0.000000
-0.003617 0.019390 -0.006930 1.000000
1.000000 0.000000 0.000000 0.000000
0.000000 1.000000 0.000000 0.000000
0.000000 0.000000 1.000000 0.000000
0.000000 0.000000 0.000000 1.000000
BoneName: mixamorig:RightShoulder
BoneIndex: 19
BoneParentIndex: 7
BoneChildrenCount: 1
20
-0.008031 0.000012 -0.999968 0.000000
-0.885364 -0.464844 0.007105 0.000000
-0.464829 0.885393 0.003744 -0.000000
-0.037386 0.103432 0.000302 1.000000
-0.803132 -88.536430 -46.482853 0.000000
2.158497 -46.488873 88.510597 0.000000
-99.973473 -0.292474 2.284423 -0.000000
-0.053795 0.718764 -1.454110 1.000000
BoneName: mixamorig:RightArm
BoneIndex: 20
BoneParentIndex: 19
BoneChildrenCount: 1
21
0.999996 -0.002980 -0.000000 0.000000
0.002978 0.999521 -0.030789 0.000000
0.000092 0.030788 0.999526 -0.000000
0.000000 0.086259 0.000000 1.000000
-0.539299 -87.065315 -49.186787 0.000000
2.297019 -49.185310 87.037514 0.000000
-99.972160 -0.660437 2.265162 -0.000000
-0.055680 0.676812 -1.433952 1.000000
BoneName: mixamorig:RightForeArm
BoneIndex: 21
BoneParentIndex: 20
BoneChildrenCount: 1
22
0.999940 -0.010910 -0.000000 0.000000
0.010906 0.999577 -0.026973 0.000000
0.000294 0.026972 0.999636 -0.000000
-0.000000 0.274365 -0.000000 1.000000
0.410639 -85.707611 -51.517342 0.000000
2.833507 -51.487118 85.679916 0.000000
-99.959007 -1.811583 2.217105 -0.000000
-0.060067 0.440347 -1.422592 1.000000
BoneName: mixamorig:RightHand
BoneIndex: 22
BoneParentIndex: 21
BoneChildrenCount: 1
23
0.999775 -0.021205 0.000000 0.000000
0.020264 0.955410 0.294587 0.000000
-0.006247 -0.294521 0.955625 -0.000000
0.000000 0.271117 0.000000 1.000000
2.228019 -97.053902 -23.991159 0.000000
3.924680 -23.893709 97.024162 0.000000
-99.898109 -3.103293 3.276699 -0.000000
-0.063642 -0.258610 -1.408931 1.000000
BoneName: mixamorig:RightHandIndex1
BoneIndex: 23
BoneParentIndex: 22
BoneChildrenCount: 1
24
0.995089 0.098983 -0.000000 0.000000
-0.095381 0.958881 -0.267302 0.000000
-0.026458 0.265989 0.963613 -0.000000
0.000000 0.099867 0.000000 1.000000
-7.389562 -86.862732 -48.992447 0.000000
1.540347 -49.220314 87.034409 0.000000
-99.714699 5.676807 4.975152 -0.000000
-0.098813 0.038944 -1.451331 1.000000
BoneName: mixamorig:RightHandIndex2
BoneIndex: 24
BoneParentIndex: 23
BoneChildrenCount: 1
25
1.000000 0.000000 -0.000000 0.000000
0.000000 1.000000 -0.000000 0.000000
-0.000000 -0.000000 1.000000 -0.000000
-0.000000 0.015481 -0.000000 1.000000
-7.389562 -86.862732 -48.992447 0.000000
1.540347 -49.220314 87.034409 0.000000
-99.714699 5.676807 4.975152 -0.000000
-0.098813 0.023463 -1.451331 1.000000
BoneName: mixamorig:RightHandIndex3
BoneIndex: 25
BoneParentIndex: 24
BoneChildrenCount: 1
26
1.000000 0.000000 -0.000000 0.000000
0.000000 1.000000 -0.000000 0.000000
-0.000000 -0.000000 1.000000 -0.000000
0.001131 0.022557 -0.007345 1.000000
-7.389562 -86.862732 -48.992447 0.000000
1.540347 -49.220314 87.034409 0.000000
-99.714699 5.676807 4.975152 -0.000000
-0.099943 0.000906 -1.443986 1.000000
BoneName: mixamorig:RightHandIndex4
BoneIndex: 26
BoneParentIndex: 25
BoneChildrenCount: 0
1.000000 0.000000 -0.000000 0.000000
0.000000 1.000000 -0.000000 0.000000
-0.000000 -0.000000 1.000000 -0.000000
0.004574 0.019998 -0.005186 1.000000
1.000000 0.000000 0.000000 0.000000
0.000000 1.000000 0.000000 0.000000
0.000000 0.000000 1.000000 0.000000
0.000000 0.000000 0.000000 1.000000
BoneName: mixamorig:LeftUpLeg
BoneIndex: 27
BoneParentIndex: 4
BoneChildrenCount: 1
28
-0.999905 0.013805 0.000095 0.000000
-0.013805 -0.999881 -0.006899 0.000000
0.000000 -0.006900 0.999976 -0.000000
0.090260 -0.045723 -0.009382 1.000000
-99.990471 -1.380521 0.000000 0.000000
1.380488 -99.988091 -0.689960 0.000000
0.009525 -0.689894 99.997620 -0.000000
0.071297 1.186514 0.044760 1.000000
BoneName: mixamorig:LeftLeg
BoneIndex: 28
BoneParentIndex: 27
BoneChildrenCount: 1
29
0.998765 0.049682 -0.000000 0.000000
-0.049677 0.998650 0.015175 0.000000
0.000754 -0.015157 0.999885 -0.000000
0.000000 0.542078 -0.000000 1.000000
-99.935577 3.588528 -0.054463 0.000000
-3.588856 -99.932159 0.826635 0.000000
-0.024762 0.828057 99.996567 -0.000000
0.103226 0.640703 0.035041 1.000000
BoneName: mixamorig:LeftFoot
BoneIndex: 29
BoneParentIndex: 28
BoneChildrenCount: 1
30
0.992459 0.000000 0.122576 0.000000
0.100161 0.576447 -0.810973 0.000000
-0.070658 0.817135 0.572100 -0.000000
0.000000 0.554949 -0.000000 1.000000
-99.188652 -7.896867 9.962437 0.000000
-3.460468 -58.635418 -80.931534 0.000000
12.232572 -80.619644 57.886414 -0.000000
0.106743 0.031355 0.082826 1.000000
BoneName: mixamorig:LeftToeBase
BoneIndex: 30
BoneParentIndex: 29
BoneChildrenCount: 1
31
0.965948 -0.000000 -0.258736 0.000000
-0.133720 0.856095 -0.499220 0.000000
0.221503 0.516819 0.826943 -0.000000
-0.000000 0.137012 -0.000000 1.000000
-98.388733 1.529552 -17.813423 0.000000
17.597271 -9.332111 -97.996162 0.000000
-3.161271 -99.551857 8.912586 -0.000000
0.081678 -0.146075 0.037530 1.000000
BoneName: mixamorig:LeftToe_End
BoneIndex: 31
BoneParentIndex: 30
BoneChildrenCount: 0
1.000000 0.000000 -0.000000 0.000000
0.000000 1.000000 -0.000000 0.000000
-0.000000 -0.000000 1.000000 -0.000000
-0.000000 0.075564 0.000000 1.000000
1.000000 0.000000 0.000000 0.000000
0.000000 1.000000 0.000000 0.000000
0.000000 0.000000 1.000000 0.000000
0.000000 0.000000 0.000000 1.000000
BoneName: mixamorig:RightUpLeg
BoneIndex: 32
BoneParentIndex: 4
BoneChildrenCount: 1
33
-0.999905 -0.013798 -0.000325 0.000000
0.013802 -0.999628 -0.023538 0.000000
0.000000 -0.023541 0.999723 -0.000000
-0.090260 -0.045723 -0.002353 1.000000
-99.990479 1.380171 -0.000000 0.000000
-1.379789 -99.962769 -2.354056 0.000000
-0.032490 -2.353832 99.972290 -0.000000
-0.076491 1.185841 0.057454 1.000000
BoneName: mixamorig:RightLeg
BoneIndex: 33
BoneParentIndex: 32
BoneChildrenCount: 1
34
0.998764 -0.049698 -0.000000 0.000000
0.049663 0.998065 0.037424 0.000000
-0.001860 -0.037378 0.999299 -0.000000
-0.000000 0.542215 -0.000000 1.000000
-99.935509 -3.588307 0.134382 0.000000
3.589827 -99.925926 1.386518 0.000000
0.084530 1.390447 99.990295 -0.000000
-0.108383 0.640732 0.033499 1.000000
BoneName: mixamorig:RightFoot
BoneIndex: 34
BoneParentIndex: 33
BoneChildrenCount: 1
35
0.992398 0.000000 -0.123070 0.000000
-0.100854 0.573097 -0.813258 0.000000
0.070531 0.819488 0.568740 -0.000000
-0.000000 0.554983 -0.000000 1.000000
-99.192337 7.913211 -9.912708 0.000000
3.391898 -58.756870 -80.846306 0.000000
-12.221936 -80.529564 58.013905 -0.000000
-0.111682 0.032830 0.081678 1.000000
BoneName: mixamorig:RightToeBase
BoneIndex: 35
BoneParentIndex: 34
BoneChildrenCount: 1
36
0.966208 -0.000000 0.257764 0.000000
0.133633 0.855119 -0.500913 0.000000
-0.220419 0.518432 0.826223 -0.000000
0.000000 0.136730 0.000000 1.000000
-98.395554 -1.523249 17.776234 0.000000
-17.562002 -9.293858 -98.006126 0.000000
3.144975 -99.555534 8.877230 -0.000000
-0.086854 -0.144685 0.038236 1.000000
BoneName: mixamorig:RightToe_End
BoneIndex: 36
BoneParentIndex: 35
BoneChildrenCount: 0
1.000000 0.000000 -0.000000 0.000000
0.000000 1.000000 -0.000000 0.000000
-0.000000 -0.000000 1.000000 -0.000000
0.000000 0.075877 0.000000 1.000000
1.000000 0.000000 0.000000 0.000000
0.000000 1.000000 0.000000 0.000000
0.000000 0.000000 1.000000 0.000000
0.000000 0.000000 0.000000 1.000000
