BoneCount: 187
RootBone: 0
BoneName: RootNode
BoneIndex: 0
BoneParentIndex: -1
BoneChildrenCount: 2
1
6
1.000000 0.000000 -0.000000 0.000000
0.000000 1.000000 -0.000000 0.000000
-0.000000 -0.000000 1.000000 -0.000000
0.000000 0.000000 -0.000000 1.000000
1.000000 0.000000 0.000000 0.000000
0.000000 1.000000 0.000000 0.000000
0.000000 0.000000 1.000000 0.000000
0.000000 0.000000 0.000000 1.000000
BoneName: arissa:Meshes
BoneIndex: 1
BoneParentIndex: 0
BoneChildrenCount: 4
2
3
4
5
1.000000 0.000000 -0.000000 0.000000
0.000000 1.000000 -0.000000 0.000000
-0.000000 -0.000000 1.000000 -0.000000
0.000000 0.000000 -0.000000 1.000000
1.000000 0.000000 0.000000 0.000000
0.000000 1.000000 0.000000 0.000000
0.000000 0.000000 1.000000 0.000000
0.000000 0.000000 0.000000 1.000000
BoneName: arissa:Body_Geo
BoneIndex: 2
BoneParentIndex: 1
BoneChildrenCount: 0
1.000000 0.000000 -0.000000 0.000000
0.000000 1.000000 -0.000000 0.000000
-0.000000 -0.000000 1.000000 -0.000000
0.000000 0.000000 -0.000000 1.000000
1.000000 0.000000 0.000000 0.000000
0.000000 1.000000 0.000000 0.000000
0.000000 0.000000 1.000000 0.000000
0.000000 0.000000 0.000000 1.000000
BoneName: arissa:Cloak_Geo
BoneIndex: 3
BoneParentIndex: 1
BoneChildrenCount: 0
1.000000 0.000000 -0.000000 0.000000
0.000000 1.000000 -0.000000 0.000000
-0.000000 -0.000000 1.000000 -0.000000
0.000000 0.000000 -0.000000 1.000000
1.000000 0.000000 0.000000 0.000000
0.000000 1.000000 0.000000 0.000000
0.000000 0.000000 1.000000 0.000000
0.000000 0.000000 0.000000 1.000000
BoneName: arissa:Weapons_Geo
BoneIndex: 4
BoneParentIndex: 1
BoneChildrenCount: 0
1.000000 0.000000 -0.000000 0.000000
0.000000 1.000000 -0.000000 0.000000
-0.000000 -0.000000 1.000000 -0.000000
0.000000 0.000000 -0.000000 1.000000
1.000000 0.000000 0.000000 0.000000
0.000000 1.000000 0.000000 0.000000
0.000000 0.000000 1.000000 0.000000
0.000000 0.000000 0.000000 1.000000
BoneName: arissa:Skirt_Geo
BoneIndex: 5
BoneParentIndex: 1
BoneChildrenCount: 0
1.000000 0.000000 -0.000000 0.000000
0.000000 1.000000 -0.000000 0.000000
-0.000000 -0.000000 1.000000 -0.000000
0.000000 0.000000 -0.000000 1.000000
1.000000 0.000000 0.000000 0.000000
0.000000 1.000000 0.000000 0.000000
0.000000 0.000000 1.000000 0.000000
0.000000 0.000000 0.000000 1.000000
BoneName: mixamorig:Hips
BoneIndex: 6
BoneParentIndex: 0
BoneChildrenCount: 3
7
161
174
1.000000 0.000000 -0.000000 0.000000
0.000000 1.000000 -0.000000 0.000000
-0.000000 -0.000000 1.000000 -0.000000
0.000000 0.963794 -0.039855 1.000000
1.000000 -0.000002 0.000000 0.000000
0.000002 1.000000 0.000000 0.000000
-0.000000 0.000000 1.000000 -0.000000
-0.000002 -0.963794 0.039855 1.000000
BoneName: mixamorig:Spine_$AssimpFbx$_Translation
BoneIndex: 7
BoneParentIndex: 6
BoneChildrenCount: 1
8
1.000000 0.000000 -0.000000 0.000000
0.000000 1.000000 -0.000000 0.000000
-0.000000 -0.000000 1.000000 -0.000000
0.000000 0.092263 -0.015771 1.000000
1.000000 0.000000 0.000000 0.000000
0.000000 1.000000 0.000000 0.000000
0.000000 0.000000 1.000000 0.000000
0.000000 0.000000 0.000000 1.000000
BoneName: mixamorig:Spine_$AssimpFbx$_PreRotation
BoneIndex: 8
BoneParentIndex: 7
BoneChildrenCount: 1
9
1.000000 -0.000002 0.000000 0.000000
0.000002 0.999948 0.010188 0.000000
-0.000000 -0.010188 0.999948 -0.000000
0.000000 0.000000 -0.000000 1.000000
1.000000 0.000000 0.000000 0.000000
0.000000 1.000000 0.000000 0.000000
0.000000 0.000000 1.000000 0.000000
0.000000 0.000000 0.000000 1.000000
BoneName: mixamorig:Spine
BoneIndex: 9
BoneParentIndex: 8
BoneChildrenCount: 1
10
1.000000 0.000000 -0.000000 0.000000
0.000000 1.000000 -0.000000 0.000000
-0.000000 -0.000000 1.000000 -0.000000
0.000000 0.000000 -0.000000 1.000000
1.000000 0.000000 0.000000 0.000000
0.000000 0.999948 -0.010188 0.000000
-0.000000 0.010188 0.999948 -0.000000
-0.000000 -1.055436 0.066383 1.000000
BoneName: mixamorig:Spine1_$AssimpFbx$_Translation
BoneIndex: 10
BoneParentIndex: 9
BoneChildrenCount: 1
11
1.000000 0.000000 -0.000000 0.000000
0.000000 1.000000 -0.000000 0.000000
-0.000000 -0.000000 1.000000 -0.000000
-0.000000 0.162549 -0.000000 1.000000
1.000000 0.000000 0.000000 0.000000
0.000000 1.000000 0.000000 0.000000
0.000000 0.000000 1.000000 0.000000
0.000000 0.000000 0.000000 1.000000
BoneName: mixamorig:Spine1_$AssimpFbx$_PreRotation
BoneIndex: 11
BoneParentIndex: 10
BoneChildrenCount: 1
12
1.000000 0.000000 -0.000000 0.000000
0.000000 0.996451 0.084176 0.000000
-0.000000 -0.084176 0.996451 -0.000000
0.000000 0.000000 -0.000000 1.000000
1.000000 0.000000 0.000000 0.000000
0.000000 1.000000 0.000000 0.000000
0.000000 0.000000 1.000000 0.000000
0.000000 0.000000 0.000000 1.000000
BoneName: mixamorig:Spine1
BoneIndex: 12
BoneParentIndex: 11
BoneChildrenCount: 1
13
1.000000 0.000000 -0.000000 0.000000
0.000000 1.000000 -0.000000 0.000000
-0.000000 -0.000000 1.000000 -0.000000
0.000000 0.000000 -0.000000 1.000000
1.000000 0.000000 0.000000 0.000000
0.000000 0.995542 -0.094324 0.000000
-0.000000 0.094324 0.995542 -0.000000
-0.000000 -1.208074 0.168673 1.000000
BoneName: mixamorig:Spine2_$AssimpFbx$_Translation
BoneIndex: 13
BoneParentIndex: 12
BoneChildrenCount: 1
14
1.000000 0.000000 -0.000000 0.000000
0.000000 1.000000 -0.000000 0.000000
-0.000000 -0.000000 1.000000 -0.000000
-0.000000 0.137007 -0.000000 1.000000
1.000000 0.000000 0.000000 0.000000
0.000000 1.000000 0.000000 0.000000
0.000000 0.000000 1.000000 0.000000
0.000000 0.000000 0.000000 1.000000
BoneName: mixamorig:Spine2_$AssimpFbx$_PreRotation
BoneIndex: 14
BoneParentIndex: 13
BoneChildrenCount: 1
15
1.000000 0.000000 -0.000000 0.000000
0.000000 0.995542 -0.094324 0.000000
-0.000000 0.094324 0.995542 -0.000000
0.000000 0.000000 -0.000000 1.000000
1.000000 0.000000 0.000000 0.000000
0.000000 1.000000 0.000000 0.000000
0.000000 0.000000 1.000000 0.000000
0.000000 0.000000 0.000000 1.000000
BoneName: mixamorig:Spine2
BoneIndex: 15
BoneParentIndex: 14
BoneChildrenCount: 4
16
20
80
142
1.000000 0.000000 -0.000000 0.000000
0.000000 1.000000 -0.000000 0.000000
-0.000000 -0.000000 1.000000 -0.000000
0.000000 0.000000 -0.000000 1.000000
1.000000 -0.000000 0.000000 0.000000
0.000000 1.000000 -0.000000 0.000000
-0.000000 0.000000 1.000000 -0.000000
0.000000 -1.354994 0.041047 1.000000
BoneName: mixamorig:Neck
BoneIndex: 16
BoneParentIndex: 15
BoneChildrenCount: 1
17
1.000000 0.000000 -0.000000 0.000000
0.000000 1.000000 -0.000000 0.000000
-0.000000 -0.000000 1.000000 -0.000000
0.000000 0.138775 0.043542 1.000000
1.000000 -0.000000 0.000000 0.000000
0.000000 1.000000 -0.000000 0.000000
-0.000000 0.000000 1.000000 -0.000000
-0.000000 -1.493768 -0.002494 1.000000
BoneName: mixamorig:Neck1
BoneIndex: 17
BoneParentIndex: 16
BoneChildrenCount: 1
18
1.000000 0.000000 -0.000000 0.000000
0.000000 1.000000 -0.000000 0.000000
-0.000000 -0.000000 1.000000 -0.000000
0.000000 0.043400 -0.009269 1.000000
1.000000 -0.000000 0.000000 0.000000
0.000000 1.000000 -0.000000 0.000000
-0.000000 0.000000 1.000000 -0.000000
-0.000000 -1.537169 0.006775 1.000000
BoneName: mixamorig:Head
BoneIndex: 18
BoneParentIndex: 17
BoneChildrenCount: 1
19
1.000000 0.000000 -0.000000 0.000000
0.000000 1.000000 -0.000000 0.000000
-0.000000 -0.000000 1.000000 -0.000000
0.000000 0.040266 -0.008585 1.000000
1.000000 -0.000000 0.000000 0.000000
0.000000 1.000000 -0.000000 0.000000
-0.000000 0.000000 1.000000 -0.000000
-0.000000 -1.577435 0.015360 1.000000
BoneName: mixamorig:HeadTop_End
BoneIndex: 19
BoneParentIndex: 18
BoneChildrenCount: 0
1.000000 0.000000 -0.000000 0.000000
0.000000 1.000000 -0.000000 0.000000
-0.000000 -0.000000 1.000000 -0.000000
0.000000 0.217488 0.042018 1.000000
1.000000 -0.000000 0.000000 0.000000
0.000000 1.000000 -0.000000 0.000000
-0.000000 0.000000 1.000000 -0.000000
-0.000000 -1.794923 -0.026658 1.000000
BoneName: mixamorig:LeftShoulder_$AssimpFbx$_Translation
BoneIndex: 20
BoneParentIndex: 15
BoneChildrenCount: 1
21
1.000000 0.000000 -0.000000 0.000000
0.000000 1.000000 -0.000000 0.000000
-0.000000 -0.000000 1.000000 -0.000000
0.061483 0.101740 0.055646 1.000000
1.000000 0.000000 0.000000 0.000000
0.000000 1.000000 0.000000 0.000000
0.000000 0.000000 1.000000 0.000000
0.000000 0.000000 0.000000 1.000000
BoneName: mixamorig:LeftShoulder_$AssimpFbx$_PreRotation
BoneIndex: 21
BoneParentIndex: 20
BoneChildrenCount: 1
22
-0.002448 -0.000000 0.999997 0.000000
0.992635 -0.121122 0.002430 0.000000
0.121122 0.992638 0.000296 -0.000000
0.000000 0.000000 -0.000000 1.000000
1.000000 0.000000 0.000000 0.000000
0.000000 1.000000 0.000000 0.000000
0.000000 0.000000 1.000000 0.000000
0.000000 0.000000 0.000000 1.000000
BoneName: mixamorig:LeftShoulder
BoneIndex: 22
BoneParentIndex: 21
BoneChildrenCount: 1
23
1.000000 0.000000 -0.000000 0.000000
0.000000 1.000000 -0.000000 0.000000
-0.000000 -0.000000 1.000000 -0.000000
0.000000 0.000000 -0.000000 1.000000
-0.002448 0.992635 0.121122 0.000000
-0.000000 -0.121122 0.992638 0.000000
0.999997 0.002430 0.000296 -0.000000
-0.014448 0.115377 -1.453460 1.000000
BoneName: mixamorig:LeftArm_$AssimpFbx$_Translation
BoneIndex: 23
BoneParentIndex: 22
BoneChildrenCount: 1
24
1.000000 0.000000 -0.000000 0.000000
0.000000 1.000000 -0.000000 0.000000
-0.000000 -0.000000 1.000000 -0.000000
-0.000000 0.090819 -0.000000 1.000000
1.000000 0.000000 0.000000 0.000000
0.000000 1.000000 0.000000 0.000000
0.000000 0.000000 1.000000 0.000000
0.000000 0.000000 0.000000 1.000000
BoneName: mixamorig:LeftArm_$AssimpFbx$_PreRotation
BoneIndex: 24
BoneParentIndex: 23
BoneChildrenCount: 1
25
0.999997 0.002430 0.000296 0.000000
-0.002448 0.992635 0.121119 0.000000
-0.000000 -0.121119 0.992638 -0.000000
0.000000 0.000000 -0.000000 1.000000
1.000000 0.000000 0.000000 0.000000
0.000000 1.000000 0.000000 0.000000
0.000000 0.000000 1.000000 0.000000
0.000000 0.000000 0.000000 1.000000
BoneName: mixamorig:LeftArm
BoneIndex: 25
BoneParentIndex: 24
BoneChildrenCount: 1
26
1.000000 0.000000 -0.000000 0.000000
0.000000 1.000000 -0.000000 0.000000
-0.000000 -0.000000 1.000000 -0.000000
0.000000 0.000000 -0.000000 1.000000
0.000000 1.000000 0.000003 0.000000
-0.000000 -0.000003 1.000000 0.000000
1.000000 -0.000000 -0.000000 -0.000000
-0.014820 -0.151629 -1.445735 1.000000
BoneName: mixamorig:LeftForeArm
BoneIndex: 26
BoneParentIndex: 25
BoneChildrenCount: 1
27
1.000000 0.000000 -0.000000 0.000000
0.000000 1.000000 -0.000000 0.000000
-0.000000 -0.000000 1.000000 -0.000000
-0.000000 0.276870 0.000000 1.000000
0.000000 1.000000 0.000003 0.000000
-0.000000 -0.000003 1.000000 0.000000
1.000000 -0.000000 -0.000000 -0.000000
-0.014820 -0.428499 -1.445735 1.000000
BoneName: mixamorig:LeftHand
BoneIndex: 27
BoneParentIndex: 26
BoneChildrenCount: 5
28
40
50
60
70
1.000000 0.000000 -0.000000 0.000000
0.000000 1.000000 -0.000000 0.000000
-0.000000 -0.000000 1.000000 -0.000000
0.000000 0.278738 -0.000000 1.000000
0.000000 1.000000 0.000003 0.000000
-0.000000 -0.000003 1.000000 0.000000
1.000000 -0.000000 -0.000000 -0.000000
-0.014820 -0.707237 -1.445734 1.000000
BoneName: mixamorig:LeftHandThumb1_$AssimpFbx$_Translation
BoneIndex: 28
BoneParentIndex: 27
BoneChildrenCount: 1
29
1.000000 0.000000 -0.000000 0.000000
0.000000 1.000000 -0.000000 0.000000
-0.000000 -0.000000 1.000000 -0.000000
-0.025137 0.025178 -0.009365 1.000000
1.000000 0.000000 0.000000 0.000000
0.000000 1.000000 0.000000 0.000000
0.000000 0.000000 1.000000 0.000000
0.000000 0.000000 0.000000 1.000000
BoneName: mixamorig:LeftHandThumb1_$AssimpFbx$_PreRotation
BoneIndex: 29
BoneParentIndex: 28
BoneChildrenCount: 1
30
0.767536 0.605524 -0.210309 0.000000
-0.641006 0.725050 -0.251822 0.000000
-0.000000 0.328091 0.944646 -0.000000
0.000000 0.000000 -0.000000 1.000000
1.000000 0.000000 0.000000 0.000000
0.000000 1.000000 0.000000 0.000000
0.000000 0.000000 1.000000 0.000000
0.000000 0.000000 0.000000 1.000000
BoneName: mixamorig:LeftHandThumb1
BoneIndex: 30
BoneParentIndex: 29
BoneChildrenCount: 1
31
1.000000 0.000000 -0.000000 0.000000
0.000000 1.000000 -0.000000 0.000000
-0.000000 -0.000000 1.000000 -0.000000
0.000000 0.000000 -0.000000 1.000000
0.605523 0.725049 0.328094 0.000000
-0.210310 -0.251824 0.944645 0.000000
0.767536 -0.641006 -0.000000 -0.000000
-0.133495 -0.175941 -1.597160 1.000000
BoneName: mixamorig:LeftHandThumb2_$AssimpFbx$_Translation
BoneIndex: 31
BoneParentIndex: 30
BoneChildrenCount: 1
32
1.000000 0.000000 -0.000000 0.000000
0.000000 1.000000 -0.000000 0.000000
-0.000000 -0.000000 1.000000 -0.000000
-0.000000 0.045636 0.000000 1.000000
1.000000 0.000000 0.000000 0.000000
0.000000 1.000000 0.000000 0.000000
0.000000 0.000000 1.000000 0.000000
0.000000 0.000000 0.000000 1.000000
BoneName: mixamorig:LeftHandThumb2_$AssimpFbx$_PreRotation
BoneIndex: 32
BoneParentIndex: 31
BoneChildrenCount: 1
33
0.982371 -0.164701 0.088435 0.000000
0.150469 0.977359 0.148760 0.000000
-0.110933 -0.132830 0.984911 -0.000000
0.000000 0.000000 -0.000000 1.000000
1.000000 0.000000 0.000000 0.000000
0.000000 1.000000 0.000000 0.000000
0.000000 0.000000 1.000000 0.000000
0.000000 0.000000 0.000000 1.000000
BoneName: mixamorig:LeftHandThumb2
BoneIndex: 33
BoneParentIndex: 32
BoneChildrenCount: 1
34
1.000000 0.000000 -0.000000 0.000000
0.000000 1.000000 -0.000000 0.000000
-0.000000 -0.000000 1.000000 -0.000000
0.000000 0.000000 -0.000000 1.000000
0.504447 0.848552 0.159662 0.000000
-0.081588 -0.137243 0.987172 0.000000
0.859579 -0.511002 0.000000 -0.000000
-0.235892 -0.474240 -1.528819 1.000000
BoneName: mixamorig:LeftHandThumb3_$AssimpFbx$_Translation
BoneIndex: 34
BoneParentIndex: 33
BoneChildrenCount: 1
35
1.000000 0.000000 -0.000000 0.000000
0.000000 1.000000 -0.000000 0.000000
-0.000000 -0.000000 1.000000 -0.000000
0.000000 0.033327 0.000000 1.000000
1.000000 0.000000 0.000000 0.000000
0.000000 1.000000 0.000000 0.000000
0.000000 0.000000 1.000000 0.000000
0.000000 0.000000 0.000000 1.000000
BoneName: mixamorig:LeftHandThumb3_$AssimpFbx$_PreRotation
BoneIndex: 35
BoneParentIndex: 34
BoneChildrenCount: 1
36
0.981165 0.126901 -0.145641 0.000000
-0.152489 0.971651 -0.180671 0.000000
0.118585 0.199477 0.972701 -0.000000
0.000000 0.000000 -0.000000 1.000000
1.000000 0.000000 0.000000 0.000000
0.000000 1.000000 0.000000 0.000000
0.000000 0.000000 1.000000 0.000000
0.000000 0.000000 0.000000 1.000000
BoneName: mixamorig:LeftHandThumb3
BoneIndex: 36
BoneParentIndex: 35
BoneChildrenCount: 1
37
1.000000 0.000000 -0.000000 0.000000
0.000000 1.000000 -0.000000 0.000000
-0.000000 -0.000000 1.000000 -0.000000
0.000000 0.000000 -0.000000 1.000000
0.579375 0.718728 0.384390 0.000000
-0.241240 -0.299264 0.923171 0.000000
0.778542 -0.627592 -0.000000 -0.000000
-0.073201 -0.180993 -1.616304 1.000000
BoneName: mixamorig:LeftHandThumb4_$AssimpFbx$_Translation
BoneIndex: 37
BoneParentIndex: 36
BoneChildrenCount: 1
38
1.000000 0.000000 -0.000000 0.000000
0.000000 1.000000 -0.000000 0.000000
-0.000000 -0.000000 1.000000 -0.000000
0.000000 0.027056 -0.000000 1.000000
1.000000 0.000000 0.000000 0.000000
0.000000 1.000000 0.000000 0.000000
0.000000 0.000000 1.000000 0.000000
0.000000 0.000000 0.000000 1.000000
BoneName: mixamorig:LeftHandThumb4_$AssimpFbx$_PreRotation
BoneIndex: 38
BoneParentIndex: 37
BoneChildrenCount: 1
39
0.980966 0.000000 0.194178 0.000000
-0.000000 1.000000 0.000000 0.000000
-0.194178 -0.000000 0.980966 -0.000000
0.000000 0.000000 -0.000000 1.000000
1.000000 0.000000 0.000000 0.000000
0.000000 1.000000 0.000000 0.000000
0.000000 0.000000 1.000000 0.000000
0.000000 0.000000 0.000000 1.000000
BoneName: mixamorig:LeftHandThumb4
BoneIndex: 39
BoneParentIndex: 38
BoneChildrenCount: 0
1.000000 0.000000 -0.000000 0.000000
0.000000 1.000000 -0.000000 0.000000
-0.000000 -0.000000 1.000000 -0.000000
0.000000 0.000000 -0.000000 1.000000
0.642987 0.718728 0.264572 0.000000
-0.057389 -0.299264 0.952443 0.000000
0.763724 -0.627592 -0.151176 -0.000000
-0.385657 -0.208050 -1.571326 1.000000
BoneName: mixamorig:LeftHandIndex1_$AssimpFbx$_Translation
BoneIndex: 40
BoneParentIndex: 27
BoneChildrenCount: 1
41
1.000000 0.000000 -0.000000 0.000000
0.000000 1.000000 -0.000000 0.000000
-0.000000 -0.000000 1.000000 -0.000000
-0.027611 0.100724 0.004898 1.000000
1.000000 0.000000 0.000000 0.000000
0.000000 1.000000 0.000000 0.000000
0.000000 0.000000 1.000000 0.000000
0.000000 0.000000 0.000000 1.000000
BoneName: mixamorig:LeftHandIndex1_$AssimpFbx$_PreRotation
BoneIndex: 41
BoneParentIndex: 40
BoneChildrenCount: 1
42
0.999906 0.013724 0.000000 0.000000
-0.013724 0.999906 0.000003 0.000000
-0.000000 -0.000003 1.000000 -0.000000
0.000000 0.000000 -0.000000 1.000000
1.000000 0.000000 0.000000 0.000000
0.000000 1.000000 0.000000 0.000000
0.000000 0.000000 1.000000 0.000000
0.000000 0.000000 0.000000 1.000000
BoneName: mixamorig:LeftHandIndex1
BoneIndex: 42
BoneParentIndex: 41
BoneChildrenCount: 1
43
1.000000 0.000000 -0.000000 0.000000
0.000000 1.000000 -0.000000 0.000000
-0.000000 -0.000000 1.000000 -0.000000
0.000000 0.000000 -0.000000 1.000000
0.013724 0.999906 0.000000 0.000000
-0.000000 -0.000000 1.000000 0.000000
0.999906 -0.013724 -0.000000 -0.000000
0.001701 -0.808064 -1.450630 1.000000
BoneName: mixamorig:LeftHandIndex2_$AssimpFbx$_Translation
BoneIndex: 43
BoneParentIndex: 42
BoneChildrenCount: 1
44
1.000000 0.000000 -0.000000 0.000000
0.000000 1.000000 -0.000000 0.000000
-0.000000 -0.000000 1.000000 -0.000000
0.000000 0.037344 -0.000000 1.000000
1.000000 0.000000 0.000000 0.000000
0.000000 1.000000 0.000000 0.000000
0.000000 0.000000 1.000000 0.000000
0.000000 0.000000 0.000000 1.000000
BoneName: mixamorig:LeftHandIndex2_$AssimpFbx$_PreRotation
BoneIndex: 44
BoneParentIndex: 43
BoneChildrenCount: 1
45
0.999906 -0.013724 -0.000000 0.000000
0.013709 0.998781 -0.047416 0.000000
0.000651 0.047412 0.998875 -0.000000
0.000000 0.000000 -0.000000 1.000000
1.000000 0.000000 0.000000 0.000000
0.000000 1.000000 0.000000 0.000000
0.000000 0.000000 1.000000 0.000000
0.000000 0.000000 0.000000 1.000000
BoneName: mixamorig:LeftHandIndex2
BoneIndex: 45
BoneParentIndex: 44
BoneChildrenCount: 1
46
1.000000 0.000000 -0.000000 0.000000
0.000000 1.000000 -0.000000 0.000000
-0.000000 -0.000000 1.000000 -0.000000
0.000000 0.000000 -0.000000 1.000000
0.000000 0.998875 0.047416 0.000000
-0.000000 -0.047416 0.998875 0.000000
1.000000 -0.000000 -0.000000 -0.000000
0.013304 -0.775572 -1.489079 1.000000
BoneName: mixamorig:LeftHandIndex3_$AssimpFbx$_Translation
BoneIndex: 46
BoneParentIndex: 45
BoneChildrenCount: 1
47
1.000000 0.000000 -0.000000 0.000000
0.000000 1.000000 -0.000000 0.000000
-0.000000 -0.000000 1.000000 -0.000000
-0.000000 0.028770 0.000000 1.000000
1.000000 0.000000 0.000000 0.000000
0.000000 1.000000 0.000000 0.000000
0.000000 0.000000 1.000000 0.000000
0.000000 0.000000 0.000000 1.000000
BoneName: mixamorig:LeftHandIndex3_$AssimpFbx$_PreRotation
BoneIndex: 47
BoneParentIndex: 46
BoneChildrenCount: 1
48
1.000000 0.000004 0.000000 0.000000
-0.000004 0.998875 0.047414 0.000000
0.000000 -0.047414 0.998875 -0.000000
0.000000 0.000000 -0.000000 1.000000
1.000000 0.000000 0.000000 0.000000
0.000000 1.000000 0.000000 0.000000
0.000000 0.000000 1.000000 0.000000
0.000000 0.000000 0.000000 1.000000
BoneName: mixamorig:LeftHandIndex3
BoneIndex: 48
BoneParentIndex: 47
BoneChildrenCount: 1
49
1.000000 0.000000 -0.000000 0.000000
0.000000 1.000000 -0.000000 0.000000
-0.000000 -0.000000 1.000000 -0.000000
0.000000 0.000000 -0.000000 1.000000
0.000004 1.000000 0.000002 0.000000
-0.000000 -0.000002 1.000000 0.000000
1.000000 -0.000004 0.000000 -0.000000
0.013300 -0.874040 -1.449267 1.000000
BoneName: mixamorig:LeftHandIndex4
BoneIndex: 49
BoneParentIndex: 48
BoneChildrenCount: 0
1.000000 0.000000 -0.000000 0.000000
0.000000 1.000000 -0.000000 0.000000
-0.000000 -0.000000 1.000000 -0.000000
-0.000000 0.023343 -0.000000 1.000000
0.000004 1.000000 0.000002 0.000000
-0.000000 -0.000002 1.000000 0.000000
1.000000 -0.000004 0.000000 -0.000000
0.013300 -0.897384 -1.449267 1.000000
BoneName: mixamorig:LeftHandMiddle1_$AssimpFbx$_Translation
BoneIndex: 50
BoneParentIndex: 27
BoneChildrenCount: 1
51
1.000000 0.000000 -0.000000 0.000000
0.000000 1.000000 -0.000000 0.000000
-0.000000 -0.000000 1.000000 -0.000000
-0.009782 0.101948 0.007183 1.000000
1.000000 0.000000 0.000000 0.000000
0.000000 1.000000 0.000000 0.000000
0.000000 0.000000 1.000000 0.000000
0.000000 0.000000 0.000000 1.000000
BoneName: mixamorig:LeftHandMiddle1_$AssimpFbx$_PreRotation
BoneIndex: 51
BoneParentIndex: 50
BoneChildrenCount: 1
52
0.999869 0.016195 -0.000192 0.000000
-0.016196 0.999798 -0.011882 0.000000
0.000000 0.011883 0.999929 -0.000000
0.000000 0.000000 -0.000000 1.000000
1.000000 0.000000 0.000000 0.000000
0.000000 1.000000 0.000000 0.000000
0.000000 0.000000 1.000000 0.000000
0.000000 0.000000 0.000000 1.000000
BoneName: mixamorig:LeftHandMiddle1
BoneIndex: 52
BoneParentIndex: 51
BoneChildrenCount: 1
53
1.000000 0.000000 -0.000000 0.000000
0.000000 1.000000 -0.000000 0.000000
-0.000000 -0.000000 1.000000 -0.000000
0.000000 0.000000 -0.000000 1.000000
0.016195 0.999798 0.011886 0.000000
-0.000193 -0.011884 0.999929 0.000000
0.999869 -0.016196 0.000000 -0.000000
-0.017862 -0.791677 -1.462431 1.000000
BoneName: mixamorig:LeftHandMiddle2_$AssimpFbx$_Translation
BoneIndex: 53
BoneParentIndex: 52
BoneChildrenCount: 1
54
1.000000 0.000000 -0.000000 0.000000
0.000000 1.000000 -0.000000 0.000000
-0.000000 -0.000000 1.000000 -0.000000
0.000000 0.039609 -0.000000 1.000000
1.000000 0.000000 0.000000 0.000000
0.000000 1.000000 0.000000 0.000000
0.000000 0.000000 1.000000 0.000000
0.000000 0.000000 0.000000 1.000000
BoneName: mixamorig:LeftHandMiddle2_$AssimpFbx$_PreRotation
BoneIndex: 54
BoneParentIndex: 53
BoneChildrenCount: 1
55
0.999898 -0.014278 -0.000129 0.000000
0.014238 0.997654 -0.066962 0.000000
0.001085 0.066953 0.997756 -0.000000
0.000000 0.000000 -0.000000 1.000000
1.000000 0.000000 0.000000 0.000000
0.000000 1.000000 0.000000 0.000000
0.000000 0.000000 1.000000 0.000000
0.000000 0.000000 0.000000 1.000000
BoneName: mixamorig:LeftHandMiddle2
BoneIndex: 55
BoneParentIndex: 54
BoneChildrenCount: 1
56
1.000000 0.000000 -0.000000 0.000000
0.000000 1.000000 -0.000000 0.000000
-0.000000 -0.000000 1.000000 -0.000000
0.000000 0.000000 -0.000000 1.000000
0.001916 0.996887 0.078817 0.000000
-0.000152 -0.078816 0.996889 0.000000
0.999998 -0.001922 -0.000000 -0.000000
-0.005803 -0.731663 -1.514825 1.000000
BoneName: mixamorig:LeftHandMiddle3_$AssimpFbx$_Translation
BoneIndex: 56
BoneParentIndex: 55
BoneChildrenCount: 1
57
1.000000 0.000000 -0.000000 0.000000
0.000000 1.000000 -0.000000 0.000000
-0.000000 -0.000000 1.000000 -0.000000
0.000000 0.028689 0.000000 1.000000
1.000000 0.000000 0.000000 0.000000
0.000000 1.000000 0.000000 0.000000
0.000000 0.000000 1.000000 0.000000
0.000000 0.000000 0.000000 1.000000
BoneName: mixamorig:LeftHandMiddle3_$AssimpFbx$_PreRotation
BoneIndex: 57
BoneParentIndex: 56
BoneChildrenCount: 1
58
0.999998 -0.001915 0.000001 0.000000
0.001909 0.996888 0.078813 0.000000
-0.000152 -0.078813 0.996889 -0.000000
0.000000 0.000000 -0.000000 1.000000
1.000000 0.000000 0.000000 0.000000
0.000000 1.000000 0.000000 0.000000
0.000000 0.000000 1.000000 0.000000
0.000000 0.000000 0.000000 1.000000
BoneName: mixamorig:LeftHandMiddle3
BoneIndex: 58
BoneParentIndex: 57
BoneChildrenCount: 1
59
1.000000 0.000000 -0.000000 0.000000
0.000000 1.000000 -0.000000 0.000000
-0.000000 -0.000000 1.000000 -0.000000
0.000000 0.000000 -0.000000 1.000000
0.000008 1.000000 0.000003 0.000000
-0.000000 -0.000003 1.000000 0.000000
1.000000 -0.000008 0.000000 -0.000000
-0.004348 -0.877385 -1.450187 1.000000
BoneName: mixamorig:LeftHandMiddle4
BoneIndex: 59
BoneParentIndex: 58
BoneChildrenCount: 0
1.000000 0.000000 -0.000000 0.000000
0.000000 1.000000 -0.000000 0.000000
-0.000000 -0.000000 1.000000 -0.000000
0.000000 0.027520 -0.000000 1.000000
0.000008 1.000000 0.000003 0.000000
-0.000000 -0.000003 1.000000 0.000000
1.000000 -0.000008 0.000000 -0.000000
-0.004348 -0.904906 -1.450187 1.000000
BoneName: mixamorig:LeftHandRing1_$AssimpFbx$_Translation
BoneIndex: 60
BoneParentIndex: 27
BoneChildrenCount: 1
61
1.000000 0.000000 -0.000000 0.000000
0.000000 1.000000 -0.000000 0.000000
-0.000000 -0.000000 1.000000 -0.000000
0.009586 0.099302 0.005921 1.000000
1.000000 0.000000 0.000000 0.000000
0.000000 1.000000 0.000000 0.000000
0.000000 0.000000 1.000000 0.000000
0.000000 0.000000 0.000000 1.000000
BoneName: mixamorig:LeftHandRing1_$AssimpFbx$_PreRotation
BoneIndex: 61
BoneParentIndex: 60
BoneChildrenCount: 1
62
0.999993 -0.003805 0.000196 0.000000
0.003810 0.998670 -0.051412 0.000000
0.000000 0.051413 0.998677 -0.000000
0.000000 0.000000 -0.000000 1.000000
1.000000 0.000000 0.000000 0.000000
0.000000 1.000000 0.000000 0.000000
0.000000 0.000000 1.000000 0.000000
0.000000 0.000000 0.000000 1.000000
BoneName: mixamorig:LeftHandRing1
BoneIndex: 62
BoneParentIndex: 61
BoneChildrenCount: 1
63
1.000000 0.000000 -0.000000 0.000000
0.000000 1.000000 -0.000000 0.000000
-0.000000 -0.000000 1.000000 -0.000000
0.000000 0.000000 -0.000000 1.000000
-0.003805 0.998670 0.051416 0.000000
0.000196 -0.051415 0.998677 0.000000
0.999993 0.003810 -0.000000 -0.000000
-0.021621 -0.730926 -1.491202 1.000000
BoneName: mixamorig:LeftHandRing2_$AssimpFbx$_Translation
BoneIndex: 63
BoneParentIndex: 62
BoneChildrenCount: 1
64
1.000000 0.000000 -0.000000 0.000000
0.000000 1.000000 -0.000000 0.000000
-0.000000 -0.000000 1.000000 -0.000000
-0.000000 0.038697 -0.000000 1.000000
1.000000 0.000000 0.000000 0.000000
0.000000 1.000000 0.000000 0.000000
0.000000 0.000000 1.000000 0.000000
0.000000 0.000000 0.000000 1.000000
BoneName: mixamorig:LeftHandRing2_$AssimpFbx$_PreRotation
BoneIndex: 64
BoneParentIndex: 63
BoneChildrenCount: 1
65
0.999982 -0.005934 -0.000050 0.000000
0.005934 0.999969 0.005166 0.000000
0.000020 -0.005166 0.999987 -0.000000
0.000000 0.000000 -0.000000 1.000000
1.000000 0.000000 0.000000 0.000000
0.000000 1.000000 0.000000 0.000000
0.000000 0.000000 1.000000 0.000000
0.000000 0.000000 0.000000 1.000000
BoneName: mixamorig:LeftHandRing2
BoneIndex: 65
BoneParentIndex: 64
BoneChildrenCount: 1
66
1.000000 0.000000 -0.000000 0.000000
0.000000 1.000000 -0.000000 0.000000
-0.000000 -0.000000 1.000000 -0.000000
0.000000 0.000000 -0.000000 1.000000
-0.009734 0.998882 0.046256 0.000000
0.000451 -0.046254 0.998930 0.000000
0.999952 0.009744 0.000000 -0.000000
-0.016979 -0.777430 -1.487207 1.000000
BoneName: mixamorig:LeftHandRing3_$AssimpFbx$_Translation
BoneIndex: 66
BoneParentIndex: 65
BoneChildrenCount: 1
67
1.000000 0.000000 -0.000000 0.000000
0.000000 1.000000 -0.000000 0.000000
-0.000000 -0.000000 1.000000 -0.000000
0.000000 0.029153 0.000000 1.000000
1.000000 0.000000 0.000000 0.000000
0.000000 1.000000 0.000000 0.000000
0.000000 0.000000 1.000000 0.000000
0.000000 0.000000 0.000000 1.000000
BoneName: mixamorig:LeftHandRing3_$AssimpFbx$_PreRotation
BoneIndex: 67
BoneParentIndex: 66
BoneChildrenCount: 1
68
0.999953 0.009724 -0.000001 0.000000
-0.009713 0.998882 0.046255 0.000000
0.000451 -0.046253 0.998930 -0.000000
0.000000 0.000000 -0.000000 1.000000
1.000000 0.000000 0.000000 0.000000
0.000000 1.000000 0.000000 0.000000
0.000000 0.000000 1.000000 0.000000
0.000000 0.000000 0.000000 1.000000
BoneName: mixamorig:LeftHandRing3
BoneIndex: 68
BoneParentIndex: 67
BoneChildrenCount: 1
69
1.000000 0.000000 -0.000000 0.000000
0.000000 1.000000 -0.000000 0.000000
-0.000000 -0.000000 1.000000 -0.000000
0.000000 0.000000 -0.000000 1.000000
-0.000021 1.000000 0.000001 0.000000
0.000000 -0.000001 1.000000 0.000000
1.000000 0.000021 -0.000000 -0.000000
-0.024819 -0.874307 -1.448316 1.000000
BoneName: mixamorig:LeftHandRing4
BoneIndex: 69
BoneParentIndex: 68
BoneChildrenCount: 0
1.000000 0.000000 -0.000000 0.000000
0.000000 1.000000 -0.000000 0.000000
-0.000000 -0.000000 1.000000 -0.000000
0.000000 0.022807 -0.000000 1.000000
-0.000021 1.000000 0.000001 0.000000
0.000000 -0.000001 1.000000 0.000000
1.000000 0.000021 -0.000000 -0.000000
-0.024819 -0.897115 -1.448316 1.000000
BoneName: mixamorig:LeftHandPinky1_$AssimpFbx$_Translation
BoneIndex: 70
BoneParentIndex: 27
BoneChildrenCount: 1
71
1.000000 0.000000 -0.000000 0.000000
0.000000 1.000000 -0.000000 0.000000
-0.000000 -0.000000 1.000000 -0.000000
0.025525 0.096780 -0.001189 1.000000
1.000000 0.000000 0.000000 0.000000
0.000000 1.000000 0.000000 0.000000
0.000000 0.000000 1.000000 0.000000
0.000000 0.000000 0.000000 1.000000
BoneName: mixamorig:LeftHandPinky1_$AssimpFbx$_PreRotation
BoneIndex: 71
BoneParentIndex: 70
BoneChildrenCount: 1
72
0.999985 0.005425 -0.000134 0.000000
-0.005427 0.999682 -0.024625 0.000000
0.000000 0.024625 0.999697 -0.000000
0.000000 0.000000 -0.000000 1.000000
1.000000 0.000000 0.000000 0.000000
0.000000 1.000000 0.000000 0.000000
0.000000 0.000000 1.000000 0.000000
0.000000 0.000000 0.000000 1.000000
BoneName: mixamorig:LeftHandPinky1
BoneIndex: 72
BoneParentIndex: 71
BoneChildrenCount: 1
73
1.000000 0.000000 -0.000000 0.000000
0.000000 1.000000 -0.000000 0.000000
-0.000000 -0.000000 1.000000 -0.000000
0.000000 0.000000 -0.000000 1.000000
0.005425 0.999682 0.024628 0.000000
-0.000134 -0.024628 0.999697 0.000000
0.999985 -0.005427 0.000000 -0.000000
-0.044513 -0.767970 -1.463906 1.000000
BoneName: mixamorig:LeftHandPinky2_$AssimpFbx$_Translation
BoneIndex: 73
BoneParentIndex: 72
BoneChildrenCount: 1
74
1.000000 0.000000 -0.000000 0.000000
0.000000 1.000000 -0.000000 0.000000
-0.000000 -0.000000 1.000000 -0.000000
0.000000 0.030948 -0.000000 1.000000
1.000000 0.000000 0.000000 0.000000
0.000000 1.000000 0.000000 0.000000
0.000000 0.000000 1.000000 0.000000
0.000000 0.000000 0.000000 1.000000
BoneName: mixamorig:LeftHandPinky2_$AssimpFbx$_PreRotation
BoneIndex: 74
BoneParentIndex: 73
BoneChildrenCount: 1
75
0.999995 0.003077 0.000002 0.000000
-0.003077 0.999995 0.001106 0.000000
0.000002 -0.001106 0.999999 -0.000000
0.000000 0.000000 -0.000000 1.000000
1.000000 0.000000 0.000000 0.000000
0.000000 1.000000 0.000000 0.000000
0.000000 0.000000 1.000000 0.000000
0.000000 0.000000 0.000000 1.000000
BoneName: mixamorig:LeftHandPinky2
BoneIndex: 75
BoneParentIndex: 74
BoneChildrenCount: 1
76
1.000000 0.000000 -0.000000 0.000000
0.000000 1.000000 -0.000000 0.000000
-0.000000 -0.000000 1.000000 -0.000000
0.000000 0.000000 -0.000000 1.000000
0.008501 0.999687 0.023522 0.000000
-0.000208 -0.023521 0.999723 0.000000
0.999964 -0.008503 0.000008 -0.000000
-0.046973 -0.800397 -1.463021 1.000000
BoneName: mixamorig:LeftHandPinky3_$AssimpFbx$_Translation
BoneIndex: 76
BoneParentIndex: 75
BoneChildrenCount: 1
77
1.000000 0.000000 -0.000000 0.000000
0.000000 1.000000 -0.000000 0.000000
-0.000000 -0.000000 1.000000 -0.000000
-0.000000 0.027233 0.000000 1.000000
1.000000 0.000000 0.000000 0.000000
0.000000 1.000000 0.000000 0.000000
0.000000 0.000000 1.000000 0.000000
0.000000 0.000000 0.000000 1.000000
BoneName: mixamorig:LeftHandPinky3_$AssimpFbx$_PreRotation
BoneIndex: 77
BoneParentIndex: 76
BoneChildrenCount: 1
78
0.999964 -0.008499 0.000008 0.000000
0.008496 0.999687 0.023520 0.000000
-0.000208 -0.023519 0.999723 -0.000000
0.000000 0.000000 -0.000000 1.000000
1.000000 0.000000 0.000000 0.000000
0.000000 1.000000 0.000000 0.000000
0.000000 0.000000 1.000000 0.000000
0.000000 0.000000 0.000000 1.000000
BoneName: mixamorig:LeftHandPinky3
BoneIndex: 78
BoneParentIndex: 77
BoneChildrenCount: 1
79
1.000000 0.000000 -0.000000 0.000000
0.000000 1.000000 -0.000000 0.000000
-0.000000 -0.000000 1.000000 -0.000000
0.000000 0.000000 -0.000000 1.000000
0.000005 1.000000 0.000003 0.000000
-0.000000 -0.000003 1.000000 0.000000
1.000000 -0.000005 0.000000 -0.000000
-0.039949 -0.862180 -1.443142 1.000000
BoneName: mixamorig:LeftHandPinky4
BoneIndex: 79
BoneParentIndex: 78
BoneChildrenCount: 0
1.000000 0.000000 -0.000000 0.000000
0.000000 1.000000 -0.000000 0.000000
-0.000000 -0.000000 1.000000 -0.000000
-0.000000 0.016595 -0.000000 1.000000
0.000005 1.000000 0.000003 0.000000
-0.000000 -0.000003 1.000000 0.000000
1.000000 -0.000005 0.000000 -0.000000
-0.039949 -0.878775 -1.443142 1.000000
BoneName: mixamorig:RightShoulder_$AssimpFbx$_Translation
BoneIndex: 80
BoneParentIndex: 15
BoneChildrenCount: 1
81
1.000000 0.000000 -0.000000 0.000000
0.000000 1.000000 -0.000000 0.000000
-0.000000 -0.000000 1.000000 -0.000000
-0.061480 0.101740 0.055646 1.000000
1.000000 0.000000 0.000000 0.000000
0.000000 1.000000 0.000000 0.000000
0.000000 0.000000 1.000000 0.000000
0.000000 0.000000 0.000000 1.000000
BoneName: mixamorig:RightShoulder_$AssimpFbx$_PreRotation
BoneIndex: 81
BoneParentIndex: 80
BoneChildrenCount: 1
82
-0.002448 -0.000000 -0.999997 0.000000
-0.992635 -0.121117 0.002430 0.000000
-0.121117 0.992638 0.000296 -0.000000
0.000000 0.000000 -0.000000 1.000000
1.000000 0.000000 0.000000 0.000000
0.000000 1.000000 0.000000 0.000000
0.000000 0.000000 1.000000 0.000000
0.000000 0.000000 0.000000 1.000000
BoneName: mixamorig:RightShoulder
BoneIndex: 82
BoneParentIndex: 81
BoneChildrenCount: 1
83
1.000000 0.000000 -0.000000 0.000000
0.000000 1.000000 -0.000000 0.000000
-0.000000 -0.000000 1.000000 -0.000000
0.000000 0.000000 -0.000000 1.000000
-0.002448 -0.992635 -0.121117 0.000000
0.000000 -0.121117 0.992638 0.000000
-0.999997 0.002430 0.000296 -0.000000
0.014448 0.115373 -1.453460 1.000000
BoneName: mixamorig:RightArm_$AssimpFbx$_Translation
BoneIndex: 83
BoneParentIndex: 82
BoneChildrenCount: 1
84
1.000000 0.000000 -0.000000 0.000000
0.000000 1.000000 -0.000000 0.000000
-0.000000 -0.000000 1.000000 -0.000000
0.000000 0.090822 0.000000 1.000000
1.000000 0.000000 0.000000 0.000000
0.000000 1.000000 0.000000 0.000000
0.000000 0.000000 1.000000 0.000000
0.000000 0.000000 0.000000 1.000000
BoneName: mixamorig:RightArm_$AssimpFbx$_PreRotation
BoneIndex: 84
BoneParentIndex: 83
BoneChildrenCount: 1
85
0.999997 -0.002431 -0.000297 0.000000
0.002449 0.992620 0.121242 0.000000
-0.000000 -0.121242 0.992623 -0.000000
0.000000 0.000000 -0.000000 1.000000
1.000000 0.000000 0.000000 0.000000
0.000000 1.000000 0.000000 0.000000
0.000000 0.000000 1.000000 0.000000
0.000000 0.000000 0.000000 1.000000
BoneName: mixamorig:RightArm
BoneIndex: 85
BoneParentIndex: 84
BoneChildrenCount: 1
86
1.000000 0.000000 -0.000000 0.000000
0.000000 1.000000 -0.000000 0.000000
-0.000000 -0.000000 1.000000 -0.000000
0.000000 0.000000 -0.000000 1.000000
0.000001 -1.000000 0.000126 0.000000
0.000000 0.000126 1.000000 0.000000
-1.000000 -0.000001 0.000000 -0.000000
0.014820 -0.151814 -1.445715 1.000000
BoneName: mixamorig:RightForeArm_$AssimpFbx$_Translation
BoneIndex: 86
BoneParentIndex: 85
BoneChildrenCount: 1
87
1.000000 0.000000 -0.000000 0.000000
0.000000 1.000000 -0.000000 0.000000
-0.000000 -0.000000 1.000000 -0.000000
0.000000 0.276870 0.000000 1.000000
1.000000 0.000000 0.000000 0.000000
0.000000 1.000000 0.000000 0.000000
0.000000 0.000000 1.000000 0.000000
0.000000 0.000000 0.000000 1.000000
BoneName: mixamorig:RightForeArm_$AssimpFbx$_PreRotation
BoneIndex: 87
BoneParentIndex: 86
BoneChildrenCount: 1
88
1.000000 -0.000002 -0.000000 0.000000
0.000002 1.000000 -0.000250 0.000000
0.000000 0.000250 1.000000 -0.000000
0.000000 0.000000 -0.000000 1.000000
1.000000 0.000000 0.000000 0.000000
0.000000 1.000000 0.000000 0.000000
0.000000 0.000000 1.000000 0.000000
0.000000 0.000000 0.000000 1.000000
BoneName: mixamorig:RightForeArm
BoneIndex: 88
BoneParentIndex: 87
BoneChildrenCount: 1
89
1.000000 0.000000 -0.000000 0.000000
0.000000 1.000000 -0.000000 0.000000
-0.000000 -0.000000 1.000000 -0.000000
0.000000 0.000000 -0.000000 1.000000
0.000003 -1.000000 -0.000125 0.000000
-0.000000 -0.000125 1.000000 0.000000
-1.000000 -0.000003 -0.000000 -0.000000
0.014821 -0.428322 -1.445822 1.000000
BoneName: mixamorig:RightHand
BoneIndex: 89
BoneParentIndex: 88
BoneChildrenCount: 5
90
102
112
122
132
1.000000 0.000000 -0.000000 0.000000
0.000000 1.000000 -0.000000 0.000000
-0.000000 -0.000000 1.000000 -0.000000
0.000000 0.278738 -0.000000 1.000000
0.000003 -1.000000 -0.000125 0.000000
-0.000000 -0.000125 1.000000 0.000000
-1.000000 -0.000003 -0.000000 -0.000000
0.014821 -0.707060 -1.445822 1.000000
BoneName: mixamorig:RightHandThumb1_$AssimpFbx$_Translation
BoneIndex: 90
BoneParentIndex: 89
BoneChildrenCount: 1
91
1.000000 0.000000 -0.000000 0.000000
0.000000 1.000000 -0.000000 0.000000
-0.000000 -0.000000 1.000000 -0.000000
0.025137 0.025179 -0.009363 1.000000
1.000000 0.000000 0.000000 0.000000
0.000000 1.000000 0.000000 0.000000
0.000000 0.000000 1.000000 0.000000
0.000000 0.000000 0.000000 1.000000
BoneName: mixamorig:RightHandThumb1_$AssimpFbx$_PreRotation
BoneIndex: 91
BoneParentIndex: 90
BoneChildrenCount: 1
92
0.767536 -0.605548 0.210235 0.000000
0.641005 0.725081 -0.251734 0.000000
-0.000001 0.327977 0.944686 -0.000000
0.000000 0.000000 -0.000000 1.000000
1.000000 0.000000 0.000000 0.000000
0.000000 1.000000 0.000000 0.000000
0.000000 0.000000 1.000000 0.000000
0.000000 0.000000 0.000000 1.000000
BoneName: mixamorig:RightHandThumb1
BoneIndex: 92
BoneParentIndex: 91
BoneChildrenCount: 1
93
1.000000 0.000000 -0.000000 0.000000
0.000000 1.000000 -0.000000 0.000000
-0.000000 -0.000000 1.000000 -0.000000
0.000000 0.000000 -0.000000 1.000000
0.605524 -0.725048 -0.328095 0.000000
0.210311 -0.251824 0.944645 0.000000
-0.767535 -0.641007 0.000000 -0.000000
0.133494 -0.175940 -1.597160 1.000000
BoneName: mixamorig:RightHandThumb2_$AssimpFbx$_Translation
BoneIndex: 93
BoneParentIndex: 92
BoneChildrenCount: 1
94
1.000000 0.000000 -0.000000 0.000000
0.000000 1.000000 -0.000000 0.000000
-0.000000 -0.000000 1.000000 -0.000000
-0.000000 0.045636 -0.000000 1.000000
1.000000 0.000000 0.000000 0.000000
0.000000 1.000000 0.000000 0.000000
0.000000 0.000000 1.000000 0.000000
0.000000 0.000000 0.000000 1.000000
BoneName: mixamorig:RightHandThumb2_$AssimpFbx$_PreRotation
BoneIndex: 94
BoneParentIndex: 93
BoneChildrenCount: 1
95
0.982371 0.164701 -0.088435 0.000000
-0.150469 0.977359 0.148760 0.000000
0.110934 -0.132831 0.984911 -0.000000
0.000000 0.000000 -0.000000 1.000000
1.000000 0.000000 0.000000 0.000000
0.000000 1.000000 0.000000 0.000000
0.000000 0.000000 1.000000 0.000000
0.000000 0.000000 0.000000 1.000000
BoneName: mixamorig:RightHandThumb2
BoneIndex: 95
BoneParentIndex: 94
BoneChildrenCount: 1
96
1.000000 0.000000 -0.000000 0.000000
0.000000 1.000000 -0.000000 0.000000
-0.000000 -0.000000 1.000000 -0.000000
0.000000 0.000000 -0.000000 1.000000
0.504449 -0.848551 -0.159663 0.000000
0.081588 -0.137242 0.987172 0.000000
-0.859578 -0.511004 -0.000000 -0.000000
0.235891 -0.474240 -1.528819 1.000000
BoneName: mixamorig:RightHandThumb3_$AssimpFbx$_Translation
BoneIndex: 96
BoneParentIndex: 95
BoneChildrenCount: 1
97
1.000000 0.000000 -0.000000 0.000000
0.000000 1.000000 -0.000000 0.000000
-0.000000 -0.000000 1.000000 -0.000000
-0.000000 0.033327 -0.000000 1.000000
1.000000 0.000000 0.000000 0.000000
0.000000 1.000000 0.000000 0.000000
0.000000 0.000000 1.000000 0.000000
0.000000 0.000000 0.000000 1.000000
BoneName: mixamorig:RightHandThumb3_$AssimpFbx$_PreRotation
BoneIndex: 97
BoneParentIndex: 96
BoneChildrenCount: 1
98
0.982457 0.097703 0.158850 0.000000
-0.042832 0.947225 -0.317696 0.000000
-0.181507 0.305319 0.934792 -0.000000
0.000000 0.000000 -0.000000 1.000000
1.000000 0.000000 0.000000 0.000000
0.000000 1.000000 0.000000 0.000000
0.000000 0.000000 1.000000 0.000000
0.000000 0.000000 0.000000 1.000000
BoneName: mixamorig:RightHandThumb3
BoneIndex: 98
BoneParentIndex: 97
BoneChildrenCount: 1
99
1.000000 0.000000 -0.000000 0.000000
0.000000 1.000000 -0.000000 0.000000
-0.000000 -0.000000 1.000000 -0.000000
0.000000 0.000000 -0.000000 1.000000
0.387330 -0.774651 -0.499891 0.000000
0.223560 -0.447115 0.866089 0.000000
-0.894425 -0.447218 0.000000 -0.000000
-0.060691 -0.005183 -1.626913 1.000000
BoneName: mixamorig:RightHandThumb4_$AssimpFbx$_Translation
BoneIndex: 99
BoneParentIndex: 98
BoneChildrenCount: 1
100
1.000000 0.000000 -0.000000 0.000000
0.000000 1.000000 -0.000000 0.000000
-0.000000 -0.000000 1.000000 -0.000000
0.000000 0.026534 0.000000 1.000000
1.000000 0.000000 0.000000 0.000000
0.000000 1.000000 0.000000 0.000000
