BoneCount: 179
RootBone: 0
BoneName: RootNode
BoneIndex: 0
BoneParentIndex: -1
BoneChildrenCount: 3
1
2
3
1.000000 0.000000 -0.000000 0.000000
0.000000 1.000000 -0.000000 0.000000
-0.000000 -0.000000 1.000000 -0.000000
0.000000 0.000000 -0.000000 1.000000
1.000000 0.000000 0.000000 0.000000
0.000000 1.000000 0.000000 0.000000
0.000000 0.000000 1.000000 0.000000
0.000000 0.000000 0.000000 1.000000
BoneName: ball_LOD0
BoneIndex: 1
BoneParentIndex: 0
BoneChildrenCount: 0
100.000000 0.000000 -0.000000 0.000000
0.000000 -0.000016 100.000000 0.000000
-0.000000 -100.000000 -0.000016 -0.000000
0.000000 0.000000 -0.000000 1.000000
1.000000 0.000000 0.000000 0.000000
0.000000 1.000000 0.000000 0.000000
0.000000 0.000000 1.000000 0.000000
0.000000 0.000000 0.000000 1.000000
BoneName: sonic_LOD0
BoneIndex: 2
BoneParentIndex: 0
BoneChildrenCount: 0
100.000000 0.000000 -0.000000 0.000000
0.000000 -0.000016 100.000000 0.000000
-0.000000 -100.000000 -0.000016 -0.000000
0.000000 0.000000 -0.000000 1.000000
1.000000 0.000000 0.000000 0.000000
0.000000 1.000000 0.000000 0.000000
0.000000 0.000000 1.000000 0.000000
0.000000 0.000000 0.000000 1.000000
BoneName: Sonic
BoneIndex: 3
BoneParentIndex: 0
BoneChildrenCount: 2
4
11
100.000000 0.000000 -0.000000 0.000000
0.000000 -0.000016 100.000000 0.000000
-0.000000 -100.000000 -0.000016 -0.000000
0.000000 0.000000 -0.000000 1.000000
1.000000 0.000000 0.000000 0.000000
0.000000 1.000000 0.000000 0.000000
0.000000 0.000000 1.000000 0.000000
0.000000 0.000000 0.000000 1.000000
BoneName: root_jnt
BoneIndex: 4
BoneParentIndex: 3
BoneChildrenCount: 3
5
7
9
1.000000 0.000000 -0.000000 0.000000
0.000000 -0.007658 -0.999971 0.000000
-0.000000 0.999971 -0.007658 -0.000000
0.000000 0.000000 -0.000000 1.000000
1.000000 0.000000 -0.000000 0.000000
0.000000 0.000000 1.000000 0.000000
-0.000000 -1.000000 0.000000 -0.000000
0.000000 0.000000 -0.000000 1.000000
BoneName: base_jnt
BoneIndex: 5
BoneParentIndex: 4
BoneChildrenCount: 1
6
0.981065 0.000000 -0.000000 0.000000
0.000000 1.019301 -0.000000 0.000000
-0.000000 -0.000000 0.981064 -0.000000
0.000000 0.000000 -0.000000 1.000000
1.000000 0.000000 -0.000000 0.000000
0.000000 0.000000 1.000000 0.000000
-0.000000 -1.000000 0.000000 -0.000000
0.000000 0.000000 -0.000000 1.000000
BoneName: base_jnt_end
BoneIndex: 6
BoneParentIndex: 5
BoneChildrenCount: 0
1.000000 0.000000 -0.000000 0.000000
0.000000 1.000000 -0.000000 0.000000
-0.000000 -0.000000 1.000000 -0.000000
0.000000 0.000100 -0.000000 1.000000
1.000000 0.000000 0.000000 0.000000
0.000000 1.000000 0.000000 0.000000
0.000000 0.000000 1.000000 0.000000
0.000000 0.000000 0.000000 1.000000
BoneName: mid_jnt
BoneIndex: 7
BoneParentIndex: 4
BoneChildrenCount: 1
8
0.981065 0.000000 -0.000000 0.000000
0.000000 1.019301 -0.000000 0.000000
-0.000000 -0.000000 0.981064 -0.000000
0.000000 0.002528 -0.000000 1.000000
1.000000 0.000000 -0.000000 0.000000
0.000000 0.000000 1.000000 0.000000
-0.000000 -1.000000 0.000000 -0.000000
0.000000 -0.002480 -0.000000 1.000000
BoneName: mid_jnt_end
BoneIndex: 8
BoneParentIndex: 7
BoneChildrenCount: 0
1.000000 0.000000 -0.000000 0.000000
0.000000 1.000000 -0.000000 0.000000
-0.000000 -0.000000 1.000000 -0.000000
0.000000 0.002480 -0.000000 1.000000
1.000000 0.000000 0.000000 0.000000
0.000000 1.000000 0.000000 0.000000
0.000000 0.000000 1.000000 0.000000
0.000000 0.000000 0.000000 1.000000
BoneName: top_jnt
BoneIndex: 9
BoneParentIndex: 4
BoneChildrenCount: 1
10
0.981065 0.000000 -0.000000 0.000000
0.000000 1.019301 -0.000000 0.000000
-0.000000 -0.000000 0.981064 -0.000000
0.000000 0.005056 -0.000000 1.000000
1.000000 0.000000 -0.000000 0.000000
0.000000 0.000000 1.000000 0.000000
-0.000000 -1.000000 0.000000 -0.000000
0.000000 -0.004960 -0.000000 1.000000
BoneName: top_jnt_end
BoneIndex: 10
BoneParentIndex: 9
BoneChildrenCount: 0
1.000000 0.000000 -0.000000 0.000000
0.000000 1.000000 -0.000000 0.000000
-0.000000 -0.000000 1.000000 -0.000000
0.000000 0.004960 -0.000000 1.000000
1.000000 0.000000 0.000000 0.000000
0.000000 1.000000 0.000000 0.000000
0.000000 0.000000 1.000000 0.000000
0.000000 0.000000 0.000000 1.000000
BoneName: Root_Global
BoneIndex: 11
BoneParentIndex: 3
BoneChildrenCount: 1
12
1.000000 0.000000 -0.000000 0.000000
0.000000 0.000573 -1.000000 0.000000
-0.000000 1.000000 0.000573 -0.000000
0.000000 0.000000 -0.000000 1.000000
1.000000 0.000000 -0.000000 0.000000
0.000000 0.000573 1.000000 0.000000
-0.000000 -1.000000 0.000573 -0.000000
0.000000 0.000000 -0.000000 1.000000
BoneName: Root_M
BoneIndex: 12
BoneParentIndex: 11
BoneChildrenCount: 4
13
20
23
172
-0.190513 0.860475 -0.472534 0.000000
0.182953 0.504038 0.844082 0.000000
0.964486 0.074357 -0.253452 -0.000000
0.000159 0.004709 -0.000410 1.000000
-0.000000 0.000000 1.000000 0.000000
-0.556658 0.830742 -0.000000 0.000000
-0.830742 -0.556657 -0.000000 -0.000000
-0.004142 -0.002779 -0.000000 1.000000
BoneName: Hip_R
BoneIndex: 13
BoneParentIndex: 12
BoneChildrenCount: 1
14
-0.254809 0.944566 0.207046 0.000000
-0.916141 -0.167292 -0.364278 0.000000
-0.309448 -0.282505 0.907983 -0.000000
-0.000079 -0.000049 -0.000382 1.000000
0.100701 -0.170752 0.980154 0.000000
0.992409 -0.052660 -0.111134 0.000000
0.070591 0.983906 0.164153 -0.000000
0.000378 0.004752 0.001179 1.000000
BoneName: HipPart1_R
BoneIndex: 14
BoneParentIndex: 13
BoneChildrenCount: 1
15
0.985007 -0.015936 0.171776 0.000000
0.013298 0.999776 0.016497 0.000000
-0.172000 -0.013965 0.984998 -0.000000
-0.000000 0.000667 -0.000000 1.000000
0.100703 -0.170753 0.980154 0.000000
0.992410 -0.052645 -0.111134 0.000000
0.070577 0.983907 0.164155 -0.000000
0.000378 0.004085 0.001179 1.000000
BoneName: Knee_R
BoneIndex: 15
BoneParentIndex: 14
BoneChildrenCount: 1
16
0.998390 -0.008758 -0.056043 0.000000
0.010870 0.999238 0.037489 0.000000
0.055672 -0.038038 0.997724 -0.000000
0.000011 0.000658 0.000011 1.000000
-0.105636 -0.171072 0.979579 0.000000
0.991987 0.050519 0.115796 0.000000
-0.069297 0.983963 0.164364 -0.000000
-0.000249 0.003424 0.001194 1.000000
BoneName: KneePart1_R
BoneIndex: 16
BoneParentIndex: 15
BoneChildrenCount: 1
17
0.993403 -0.079111 0.083020 0.000000
0.082173 0.996033 -0.034132 0.000000
-0.079991 0.040729 0.995963 -0.000000
0.000014 0.000865 -0.000081 1.000000
-0.105632 -0.171070 0.979580 0.000000
0.991987 0.050530 0.115794 0.000000
-0.069307 0.983963 0.164361 -0.000000
-0.000249 0.002557 0.001194 1.000000
BoneName: Ankle_R
BoneIndex: 17
BoneParentIndex: 16
BoneChildrenCount: 1
18
-0.420512 -0.861324 -0.285116 0.000000
-0.898028 0.439915 -0.004479 0.000000
0.129284 0.254159 -0.958483 -0.000000
0.000061 0.000857 0.000052 1.000000
0.170670 -0.063747 -0.983264 0.000000
-0.650075 -0.757191 -0.063747 0.000000
-0.740456 0.650074 -0.170670 -0.000000
-0.001220 0.001180 -0.001210 1.000000
BoneName: Toes_R
BoneIndex: 18
BoneParentIndex: 17
BoneChildrenCount: 1
19
-0.994155 0.005686 -0.107817 0.000000
0.005669 0.999984 0.000467 0.000000
0.107818 -0.000147 -0.994171 -0.000000
-0.000000 0.002090 -0.000000 1.000000
-0.063396 -0.063747 0.995951 0.000000
0.653157 -0.757192 -0.006889 0.000000
0.754565 0.650075 0.089640 -0.000000
0.001343 -0.000910 0.001071 1.000000
BoneName: Toes_R_end
BoneIndex: 19
BoneParentIndex: 18
BoneChildrenCount: 0
1.000000 0.000000 -0.000000 0.000000
0.000000 1.000000 -0.000000 0.000000
-0.000000 -0.000000 1.000000 -0.000000
0.000000 0.002090 -0.000000 1.000000
1.000000 0.000000 0.000000 0.000000
0.000000 1.000000 0.000000 0.000000
0.000000 0.000000 1.000000 0.000000
0.000000 0.000000 0.000000 1.000000
BoneName: TailQiull1_M
BoneIndex: 20
BoneParentIndex: 12
BoneChildrenCount: 1
21
-0.698927 -0.715193 0.000002 0.000000
-0.687718 0.672076 -0.274515 0.000000
0.196330 -0.191867 -0.961583 -0.000000
-0.000265 0.000367 0.000000 1.000000
-0.000000 0.000000 -1.000000 0.000000
-0.205078 0.978745 0.000000 0.000000
0.978746 0.205078 -0.000000 -0.000000
0.004960 0.000574 -0.000000 1.000000
BoneName: TailQiull2_M
BoneIndex: 21
BoneParentIndex: 20
BoneChildrenCount: 1
22
1.000000 0.000000 -0.000000 0.000000
0.000000 1.000000 -0.000000 0.000000
-0.000000 -0.000000 1.000000 -0.000000
-0.000000 0.000589 0.000000 1.000000
-0.000000 0.000000 -1.000000 0.000000
-0.205078 0.978745 -0.000000 0.000000
0.978746 0.205078 0.000000 -0.000000
0.004960 -0.000015 0.000000 1.000000
BoneName: TailQiull2_M_end
BoneIndex: 22
BoneParentIndex: 21
BoneChildrenCount: 0
1.000000 0.000000 -0.000000 0.000000
0.000000 1.000000 -0.000000 0.000000
-0.000000 -0.000000 1.000000 -0.000000
0.000000 0.000589 -0.000000 1.000000
1.000000 0.000000 0.000000 0.000000
0.000000 1.000000 0.000000 0.000000
0.000000 0.000000 1.000000 0.000000
0.000000 0.000000 0.000000 1.000000
BoneName: Spine1_M
BoneIndex: 23
BoneParentIndex: 12
BoneChildrenCount: 1
24
0.416885 -0.871023 0.259856 0.000000
0.890580 0.448608 0.074958 0.000000
-0.181864 0.200174 0.962734 -0.000000
0.000473 0.000312 -0.000001 1.000000
-0.000000 0.000000 1.000000 0.000000
-1.000000 -0.000000 0.000000 0.000000
-0.000000 -1.000000 0.000000 -0.000000
0.000003 -0.005496 -0.000000 1.000000
BoneName: Chest_M
BoneIndex: 24
BoneParentIndex: 23
BoneChildrenCount: 5
25
110
113
116
144
-0.982697 -0.184477 -0.016591 0.000000
-0.185207 0.979804 0.075380 0.000000
0.002350 0.077149 -0.997017 -0.000000
-0.000005 0.000599 -0.000001 1.000000
-0.000000 0.000000 -1.000000 0.000000
0.958115 0.286383 -0.000000 0.000000
0.286383 -0.958115 -0.000000 -0.000000
0.001726 -0.005785 -0.000000 1.000000
BoneName: Head_M
BoneIndex: 25
BoneParentIndex: 24
BoneChildrenCount: 12
26
28
30
32
34
36
38
50
76
79
82
107
-0.872308 -0.488400 0.023337 0.000000
-0.486089 0.871364 0.066652 0.000000
-0.052887 0.046797 -0.997503 -0.000000
-0.000233 0.000854 0.000000 1.000000
-0.000000 0.000000 1.000000 0.000000
-0.921169 -0.389162 0.000000 0.000000
0.389161 -0.921169 -0.000000 -0.000000
0.002716 -0.006368 -0.000000 1.000000
BoneName: EyeLidLowInner_L
BoneIndex: 26
BoneParentIndex: 25
BoneChildrenCount: 1
27
-0.804714 0.584945 0.101363 0.000000
0.592305 0.802624 0.070493 0.000000
-0.040122 0.116764 -0.992349 -0.000000
0.000912 0.000947 0.000099 1.000000
0.101363 0.070493 -0.992349 0.000000
0.513640 -0.857964 -0.008481 0.000000
-0.851997 -0.508851 -0.123174 -0.000000
-0.005911 -0.004911 -0.000853 1.000000
BoneName: EyeLidLowInner_L_end
BoneIndex: 27
BoneParentIndex: 26
BoneChildrenCount: 0
1.000000 0.000000 -0.000000 0.000000
0.000000 1.000000 -0.000000 0.000000
-0.000000 -0.000000 1.000000 -0.000000
0.000000 0.001409 -0.000000 1.000000
1.000000 0.000000 0.000000 0.000000
0.000000 1.000000 0.000000 0.000000
0.000000 0.000000 1.000000 0.000000
0.000000 0.000000 0.000000 1.000000
BoneName: EyeLidLowInner_R
BoneIndex: 28
BoneParentIndex: 25
BoneChildrenCount: 1
29
-0.754589 0.521924 -0.397732 0.000000
0.592305 0.802624 -0.070493 0.000000
0.282438 -0.288772 -0.914789 -0.000000
0.000912 0.000947 -0.000099 1.000000
-0.397732 -0.070493 -0.914789 0.000000
0.491991 -0.857964 -0.147794 0.000000
-0.774437 -0.508851 0.375922 -0.000000
-0.005373 -0.004911 0.002606 1.000000
BoneName: EyeLidLowInner_R_end
BoneIndex: 29
BoneParentIndex: 28
BoneChildrenCount: 0
1.000000 0.000000 -0.000000 0.000000
0.000000 1.000000 -0.000000 0.000000
-0.000000 -0.000000 1.000000 -0.000000
0.000000 0.001409 -0.000000 1.000000
1.000000 0.000000 0.000000 0.000000
0.000000 1.000000 0.000000 0.000000
0.000000 0.000000 1.000000 0.000000
0.000000 0.000000 0.000000 1.000000
BoneName: EyeLidLowMid_L
BoneIndex: 30
BoneParentIndex: 25
BoneChildrenCount: 1
31
-0.804180 0.174065 0.568327 0.000000
0.476625 0.760138 0.441610 0.000000
-0.355138 0.626012 -0.694252 -0.000000
0.000741 0.000873 0.000615 1.000000
0.568327 0.441610 -0.694251 0.000000
0.673047 -0.734869 0.083523 0.000000
-0.473299 -0.514732 -0.714869 -0.000000
-0.003293 -0.004937 -0.004951 1.000000
BoneName: EyeLidLowMid_L_end
BoneIndex: 31
BoneParentIndex: 30
BoneChildrenCount: 0
1.000000 0.000000 -0.000000 0.000000
0.000000 1.000000 -0.000000 0.000000
-0.000000 -0.000000 1.000000 -0.000000
0.000000 0.001392 -0.000000 1.000000
1.000000 0.000000 0.000000 0.000000
0.000000 1.000000 0.000000 0.000000
0.000000 0.000000 1.000000 0.000000
0.000000 0.000000 0.000000 1.000000
BoneName: EyeLidLowMid_R
BoneIndex: 32
BoneParentIndex: 25
BoneChildrenCount: 1
33
0.014333 -0.508991 -0.860652 0.000000
0.476625 0.760138 -0.441610 0.000000
0.878990 -0.403879 0.253493 -0.000000
0.000741 0.000873 -0.000615 1.000000
-0.860652 -0.441610 0.253493 0.000000
0.184877 -0.734869 -0.652525 0.000000
0.474445 -0.514732 0.714109 -0.000000
0.003280 -0.004937 0.004959 1.000000
BoneName: EyeLidLowMid_R_end
BoneIndex: 33
BoneParentIndex: 32
BoneChildrenCount: 0
1.000000 0.000000 -0.000000 0.000000
0.000000 1.000000 -0.000000 0.000000
-0.000000 -0.000000 1.000000 -0.000000
0.000000 0.001392 -0.000000 1.000000
1.000000 0.000000 0.000000 0.000000
0.000000 1.000000 0.000000 0.000000
0.000000 0.000000 1.000000 0.000000
0.000000 0.000000 0.000000 1.000000
BoneName: EyeLidLowOuter_L
BoneIndex: 34
BoneParentIndex: 25
BoneChildrenCount: 1
35
-0.955624 0.019256 0.293958 0.000000
0.230283 0.671135 0.704661 0.000000
-0.183717 0.741085 -0.645787 -0.000000
0.000390 0.000727 0.000957 1.000000
0.293958 0.704661 -0.645787 0.000000
0.872798 -0.473310 -0.119168 0.000000
-0.389630 -0.528612 -0.754160 -0.000000
-0.002718 -0.005006 -0.005218 1.000000
BoneName: EyeLidLowOuter_L_end
BoneIndex: 35
BoneParentIndex: 34
BoneChildrenCount: 0
1.000000 0.000000 -0.000000 0.000000
0.000000 1.000000 -0.000000 0.000000
-0.000000 -0.000000 1.000000 -0.000000
0.000000 0.001358 -0.000000 1.000000
1.000000 0.000000 0.000000 0.000000
0.000000 1.000000 0.000000 0.000000
0.000000 0.000000 1.000000 0.000000
0.000000 0.000000 0.000000 1.000000
BoneName: EyeLidLowOuter_R
BoneIndex: 36
BoneParentIndex: 25
BoneChildrenCount: 1
37
0.659683 -0.640005 -0.393971 0.000000
0.230283 0.671135 -0.704661 0.000000
0.715394 0.374128 0.590118 -0.000000
0.000390 0.000727 -0.000957 1.000000
-0.393971 -0.704661 0.590118 0.000000
-0.358614 -0.473310 -0.804595 0.000000
0.846276 -0.528612 -0.066232 -0.000000
0.005867 -0.005006 -0.000439 1.000000
BoneName: EyeLidLowOuter_R_end
BoneIndex: 37
BoneParentIndex: 36
BoneChildrenCount: 0
1.000000 0.000000 -0.000000 0.000000
0.000000 1.000000 -0.000000 0.000000
-0.000000 -0.000000 1.000000 -0.000000
0.000000 0.001358 -0.000000 1.000000
1.000000 0.000000 0.000000 0.000000
0.000000 1.000000 0.000000 0.000000
0.000000 0.000000 1.000000 0.000000
0.000000 0.000000 0.000000 1.000000
BoneName: Head1_M
BoneIndex: 38
BoneParentIndex: 25
BoneChildrenCount: 4
39
41
44
47
0.232129 0.972685 -0.000000 0.000000
-0.972685 0.232129 0.000000 0.000000
0.000000 0.000000 1.000000 -0.000000
-0.000586 0.001085 -0.000000 1.000000
-0.000000 0.000000 1.000000 0.000000
-0.592362 0.805672 -0.000000 0.000000
-0.805672 -0.592362 -0.000000 -0.000000
-0.006483 -0.004943 -0.000000 1.000000
BoneName: BrowMid_M
BoneIndex: 39
BoneParentIndex: 38
BoneChildrenCount: 1
40
0.844257 0.535939 0.000000 0.000000
0.535939 -0.844257 0.000000 0.000000
0.000000 -0.000000 -1.000000 -0.000000
0.000739 -0.001301 -0.000000 1.000000
0.000000 -0.000000 -1.000000 0.000000
-0.068315 -0.997664 0.000000 0.000000
-0.997664 0.068315 0.000000 -0.000000
-0.008122 -0.000791 0.000000 1.000000
BoneName: BrowMid_M_end
BoneIndex: 40
BoneParentIndex: 39
BoneChildrenCount: 0
1.000000 0.000000 -0.000000 0.000000
0.000000 1.000000 -0.000000 0.000000
-0.000000 -0.000000 1.000000 -0.000000
0.000000 0.001489 -0.000000 1.000000
1.000000 0.000000 0.000000 0.000000
0.000000 1.000000 0.000000 0.000000
0.000000 0.000000 1.000000 0.000000
0.000000 0.000000 0.000000 1.000000
BoneName: HeadQuillMid1_M
BoneIndex: 41
BoneParentIndex: 38
BoneChildrenCount: 1
42
0.690399 0.719661 -0.073735 0.000000
-0.723284 0.688704 -0.050471 0.000000
0.014460 0.088176 0.996000 -0.000000
-0.001020 0.001296 -0.000000 1.000000
-0.000000 0.000000 1.000000 0.000000
0.378729 0.925508 0.000000 0.000000
-0.925507 0.378729 -0.000000 -0.000000
-0.008172 0.001409 -0.000000 1.000000
BoneName: HeadQuillMid2_M
BoneIndex: 42
BoneParentIndex: 41
BoneChildrenCount: 1
43
0.995387 0.080700 -0.051876 0.000000
-0.078507 0.995985 0.043015 0.000000
0.055139 -0.038744 0.997727 -0.000000
-0.000000 0.001908 0.000000 1.000000
-0.000000 0.000000 1.000000 0.000000
0.378729 0.925508 0.000000 0.000000
-0.925507 0.378729 -0.000000 -0.000000
-0.008172 -0.000499 -0.000000 1.000000
BoneName: HeadQuillMid2_M_end
BoneIndex: 43
BoneParentIndex: 42
BoneChildrenCount: 0
1.000000 0.000000 -0.000000 0.000000
0.000000 1.000000 -0.000000 0.000000
-0.000000 -0.000000 1.000000 -0.000000
0.000000 0.001908 -0.000000 1.000000
1.000000 0.000000 0.000000 0.000000
0.000000 1.000000 0.000000 0.000000
0.000000 0.000000 1.000000 0.000000
0.000000 0.000000 0.000000 1.000000
BoneName: HeadQuillSideTop1_L
BoneIndex: 44
BoneParentIndex: 38
BoneChildrenCount: 1
45
0.708301 0.623999 0.330053 0.000000
-0.705792 0.634576 0.314915 0.000000
-0.012937 -0.456003 0.889884 -0.000000
0.000111 0.001707 0.001207 1.000000
0.342214 0.246265 0.906776 0.000000
0.152567 0.937674 -0.312234 0.000000
-0.927152 0.245195 0.283313 -0.000000
-0.009213 0.000610 0.001980 1.000000
BoneName: HeadQuillSideTop2_L
BoneIndex: 45
BoneParentIndex: 44
BoneChildrenCount: 1
46
0.991649 -0.020528 0.127325 0.000000
0.026707 0.998537 -0.047017 0.000000
-0.126173 0.050025 0.990746 -0.000000
0.000000 0.001908 0.000000 1.000000
0.444048 0.246265 0.861495 0.000000
0.115714 0.937674 -0.327684 0.000000
-0.888499 0.245195 0.387876 -0.000000
-0.008924 -0.001298 0.003024 1.000000
BoneName: HeadQuillSideTop2_L_end
BoneIndex: 46
BoneParentIndex: 45
BoneChildrenCount: 0
1.000000 0.000000 -0.000000 0.000000
0.000000 1.000000 -0.000000 0.000000
-0.000000 -0.000000 1.000000 -0.000000
0.000000 0.001908 -0.000000 1.000000
1.000000 0.000000 0.000000 0.000000
0.000000 1.000000 0.000000 0.000000
0.000000 0.000000 1.000000 0.000000
0.000000 0.000000 0.000000 1.000000
BoneName: HeadQuillSideTop1_R
BoneIndex: 47
BoneParentIndex: 38
BoneChildrenCount: 1
48
0.712206 0.667208 -0.218165 0.000000
-0.691015 0.611677 -0.385162 0.000000
-0.123536 0.425070 0.896691 -0.000000
0.000111 0.001707 -0.001207 1.000000
-0.342214 -0.246265 0.906776 0.000000
0.152567 0.937674 0.312234 0.000000
-0.927153 0.245195 -0.283314 -0.000000
-0.009213 0.000610 -0.001980 1.000000
BoneName: HeadQuillSideTop2_R
BoneIndex: 48
BoneParentIndex: 47
BoneChildrenCount: 1
49
0.986214 0.096009 -0.134778 0.000000
-0.109285 0.989478 -0.094820 0.000000
0.124256 0.108242 0.986329 -0.000000
-0.000000 0.001908 -0.000000 1.000000
-0.444049 -0.246265 0.861496 0.000000
0.115714 0.937674 0.327684 0.000000
-0.888499 0.245195 -0.387877 -0.000000
-0.008924 -0.001298 -0.003024 1.000000
BoneName: HeadQuillSideTop2_R_end
BoneIndex: 49
BoneParentIndex: 48
BoneChildrenCount: 0
1.000000 0.000000 -0.000000 0.000000
0.000000 1.000000 -0.000000 0.000000
-0.000000 -0.000000 1.000000 -0.000000
0.000000 0.001908 -0.000000 1.000000
1.000000 0.000000 0.000000 0.000000
0.000000 1.000000 0.000000 0.000000
0.000000 0.000000 1.000000 0.000000
0.000000 0.000000 0.000000 1.000000
BoneName: Head2_M
BoneIndex: 50
BoneParentIndex: 25
BoneChildrenCount: 7
51
58
65
67
69
71
73
-0.023042 -0.999735 0.000000 0.000000
0.999735 -0.023042 -0.000000 0.000000
0.000000 0.000000 1.000000 -0.000000
-0.001518 0.002268 0.000000 1.000000
-0.000000 -0.000000 1.000000 0.000000
0.410284 -0.911958 -0.000000 0.000000
0.911958 0.410284 -0.000000 -0.000000
0.008536 0.004432 -0.000000 1.000000
BoneName: BrowPIvot_L
BoneIndex: 51
BoneParentIndex: 50
BoneChildrenCount: 3
52
54
56
0.449554 -0.185333 0.873815 0.000000
-0.733335 0.481969 0.479505 0.000000
-0.510020 -0.856363 0.080760 -0.000000
0.000762 0.001027 0.000007 1.000000
0.524654 0.428781 0.735449 0.000000
0.717626 -0.687508 -0.111108 0.000000
0.457986 0.586070 -0.668409 -0.000000
0.003944 0.004913 -0.005687 1.000000
BoneName: EyeLidUpInner_L
BoneIndex: 52
BoneParentIndex: 51
BoneChildrenCount: 1
53
-0.833635 -0.469845 0.290342 0.000000
-0.543786 0.790234 -0.282536 0.000000
-0.096690 -0.393416 -0.914262 -0.000000
-0.000381 0.001109 -0.000157 1.000000
-0.372516 0.069095 -0.925449 0.000000
-0.534143 -0.831447 0.152929 0.000000
-0.758895 0.551291 0.346634 -0.000000
-0.006483 0.003232 0.002961 1.000000
BoneName: EyeLidUpInner_L_end
BoneIndex: 53
BoneParentIndex: 52
BoneChildrenCount: 0
1.000000 0.000000 -0.000000 0.000000
0.000000 1.000000 -0.000000 0.000000
-0.000000 -0.000000 1.000000 -0.000000
0.000000 0.001377 -0.000000 1.000000
1.000000 0.000000 0.000000 0.000000
0.000000 1.000000 0.000000 0.000000
0.000000 0.000000 1.000000 0.000000
0.000000 0.000000 0.000000 1.000000
BoneName: EyeLidUpMid_L
BoneIndex: 54
BoneParentIndex: 51
BoneChildrenCount: 1
55
-0.528500 -0.260779 -0.807887 0.000000
0.178034 0.896441 -0.405829 0.000000
0.830055 -0.358312 -0.427342 -0.000000
0.000166 0.001320 0.000126 1.000000
-0.884764 0.434818 0.167705 0.000000
-0.221871 -0.709455 0.668914 0.000000
0.409836 0.554621 0.724175 -0.000000
0.003466 0.003276 0.006201 1.000000
BoneName: EyeLidUpMid_L_end
BoneIndex: 55
BoneParentIndex: 54
BoneChildrenCount: 0
1.000000 0.000000 -0.000000 0.000000
0.000000 1.000000 -0.000000 0.000000
-0.000000 -0.000000 1.000000 -0.000000
0.000000 0.001369 -0.000000 1.000000
1.000000 0.000000 0.000000 0.000000
0.000000 1.000000 0.000000 0.000000
0.000000 0.000000 1.000000 0.000000
0.000000 0.000000 0.000000 1.000000
BoneName: EyeLidUpOuter_L
BoneIndex: 56
BoneParentIndex: 51
BoneChildrenCount: 1
57
0.334391 -0.397317 -0.854589 0.000000
0.535837 0.826111 -0.174410 0.000000
0.775281 -0.399600 0.489141 -0.000000
0.000471 0.001270 0.000283 1.000000
-0.427932 0.720099 0.546196 0.000000
0.373086 -0.409694 0.832441 0.000000
0.823214 0.560006 -0.093337 -0.000000
0.007021 0.003359 -0.000726 1.000000
BoneName: EyeLidUpOuter_L_end
BoneIndex: 57
BoneParentIndex: 56
BoneChildrenCount: 0
1.000000 0.000000 -0.000000 0.000000
0.000000 1.000000 -0.000000 0.000000
-0.000000 -0.000000 1.000000 -0.000000
0.000000 0.001355 -0.000000 1.000000
1.000000 0.000000 0.000000 0.000000
0.000000 1.000000 0.000000 0.000000
0.000000 0.000000 1.000000 0.000000
0.000000 0.000000 0.000000 1.000000
BoneName: BrowPIvot_R
BoneIndex: 58
BoneParentIndex: 50
BoneChildrenCount: 3
59
61
63
-0.543577 -0.839270 -0.012256 0.000000
-0.733336 0.481968 -0.479504 0.000000
0.408341 -0.251660 -0.877454 -0.000000
0.000762 0.001027 -0.000007 1.000000
-0.692218 -0.428782 -0.580500 0.000000
-0.166824 -0.687509 0.706754 0.000000
-0.702142 0.586069 0.404375 -0.000000
-0.005978 0.004913 0.003488 1.000000
BoneName: EyeLidUpInner_R
BoneIndex: 59
BoneParentIndex: 58
BoneChildrenCount: 1
60
0.612162 -0.328297 -0.719360 0.000000
-0.239196 0.790235 -0.564193 0.000000
0.753686 0.517445 0.405225 -0.000000
-0.000126 0.001109 -0.000392 1.000000
0.074105 -0.069095 -0.994854 0.000000
-0.555363 -0.831447 0.016378 0.000000
-0.828300 0.551291 -0.099987 -0.000000
-0.007076 0.003232 -0.000854 1.000000
BoneName: EyeLidUpInner_R_end
BoneIndex: 60
BoneParentIndex: 59
BoneChildrenCount: 0
1.000000 0.000000 -0.000000 0.000000
0.000000 1.000000 -0.000000 0.000000
-0.000000 -0.000000 1.000000 -0.000000
0.000000 0.001377 -0.000000 1.000000
1.000000 0.000000 0.000000 0.000000
0.000000 1.000000 0.000000 0.000000
0.000000 0.000000 1.000000 0.000000
0.000000 0.000000 0.000000 1.000000
BoneName: EyeLidUpMid_R
BoneIndex: 61
BoneParentIndex: 58
BoneChildrenCount: 1
62
0.154946 0.228640 -0.961101 0.000000
-0.418496 0.896441 0.145789 0.000000
0.894904 0.379627 0.234585 -0.000000
0.000113 0.001320 0.000176 1.000000
0.498686 -0.434820 -0.749829 0.000000
-0.702533 -0.709458 -0.055821 0.000000
-0.507700 0.554617 -0.659272 -0.000000
-0.004365 0.003276 -0.005605 1.000000
BoneName: EyeLidUpMid_R_end
BoneIndex: 62
BoneParentIndex: 61
BoneChildrenCount: 0
1.000000 0.000000 -0.000000 0.000000
0.000000 1.000000 -0.000000 0.000000
-0.000000 -0.000000 1.000000 -0.000000
0.000000 0.001369 -0.000000 1.000000
1.000000 0.000000 0.000000 0.000000
0.000000 1.000000 0.000000 0.000000
0.000000 0.000000 1.000000 0.000000
0.000000 0.000000 0.000000 1.000000
BoneName: EyeLidUpOuter_R
BoneIndex: 63
BoneParentIndex: 58
BoneChildrenCount: 1
64
0.137374 0.553507 -0.821437 0.000000
-0.215734 0.826110 0.520577 0.000000
0.966740 0.105698 0.232897 -0.000000
0.000246 0.001270 0.000492 1.000000
0.213234 -0.720100 -0.660294 0.000000
-0.898683 -0.409695 0.156583 0.000000
-0.383275 0.560006 -0.734502 -0.000000
-0.003327 0.003359 -0.006225 1.000000
BoneName: EyeLidUpOuter_R_end
BoneIndex: 64
BoneParentIndex: 63
BoneChildrenCount: 0
1.000000 0.000000 -0.000000 0.000000
0.000000 1.000000 -0.000000 0.000000
-0.000000 -0.000000 1.000000 -0.000000
0.000000 0.001355 -0.000000 1.000000
1.000000 0.000000 0.000000 0.000000
0.000000 1.000000 0.000000 0.000000
0.000000 0.000000 1.000000 0.000000
0.000000 0.000000 0.000000 1.000000
BoneName: BrowTop_L
BoneIndex: 65
BoneParentIndex: 50
BoneChildrenCount: 1
66
0.422668 -0.457577 0.782288 0.000000
-0.078370 0.841495 0.534551 0.000000
-0.902890 -0.287245 0.319813 -0.000000
-0.000140 0.001506 0.000957 1.000000
0.782288 0.534551 0.319813 0.000000
0.590705 -0.799561 -0.108486 0.000000
0.197719 0.273782 -0.941249 -0.000000
0.001580 0.001271 -0.008980 1.000000
BoneName: BrowTop_L_end
BoneIndex: 66
BoneParentIndex: 65
BoneChildrenCount: 0
1.000000 0.000000 -0.000000 0.000000
0.000000 1.000000 -0.000000 0.000000
-0.000000 -0.000000 1.000000 -0.000000
0.000000 0.001790 -0.000000 1.000000
1.000000 0.000000 0.000000 0.000000
0.000000 1.000000 0.000000 0.000000
0.000000 0.000000 1.000000 0.000000
0.000000 0.000000 0.000000 1.000000
BoneName: BrowTop_R
BoneIndex: 67
BoneParentIndex: 50
BoneChildrenCount: 1
68
-0.963509 -0.201595 -0.176095 0.000000
-0.078370 0.841495 -0.534551 0.000000
0.255946 -0.501245 -0.826587 -0.000000
-0.000140 0.001506 -0.000957 1.000000
-0.176095 -0.534552 -0.826587 0.000000
-0.211466 -0.799562 0.562124 0.000000
-0.961391 0.273782 0.027759 -0.000000
-0.009118 0.001271 -0.000037 1.000000
BoneName: BrowTop_R_end
BoneIndex: 68
BoneParentIndex: 67
BoneChildrenCount: 0
1.000000 0.000000 -0.000000 0.000000
0.000000 1.000000 -0.000000 0.000000
-0.000000 -0.000000 1.000000 -0.000000
0.000000 0.001790 -0.000000 1.000000
1.000000 0.000000 0.000000 0.000000
0.000000 1.000000 0.000000 0.000000
0.000000 0.000000 1.000000 0.000000
0.000000 0.000000 0.000000 1.000000
BoneName: Ear1_L
BoneIndex: 69
BoneParentIndex: 50
BoneChildrenCount: 1
70
-0.293540 -0.912234 0.285769 0.000000
-0.407032 0.389757 0.826084 0.000000
-0.864962 0.126171 -0.485717 -0.000000
-0.000613 0.000587 0.001245 1.000000
0.285770 0.826084 -0.485717 0.000000
0.711484 -0.522440 -0.469944 0.000000
-0.641971 -0.211284 -0.737043 -0.000000
-0.006549 -0.003254 -0.006824 1.000000
BoneName: Ear1_L_end
BoneIndex: 70
BoneParentIndex: 69
BoneChildrenCount: 0
1.000000 0.000000 -0.000000 0.000000
0.000000 1.000000 -0.000000 0.000000
-0.000000 -0.000000 1.000000 -0.000000
0.000000 0.001507 -0.000000 1.000000
1.000000 0.000000 0.000000 0.000000
0.000000 1.000000 0.000000 0.000000
0.000000 0.000000 1.000000 0.000000
0.000000 0.000000 0.000000 1.000000
BoneName: Ear1_R
BoneIndex: 71
BoneParentIndex: 50
BoneChildrenCount: 1
72
-0.809847 0.264299 0.523731 0.000000
-0.407031 0.389757 -0.826084 0.000000
-0.422461 -0.882176 -0.208066 -0.000000
-0.000613 0.000587 -0.001245 1.000000
0.523731 -0.826084 -0.208065 0.000000
-0.573297 -0.522441 0.631178 0.000000
-0.630108 -0.211284 -0.747209 -0.000000
-0.005741 -0.003254 -0.007516 1.000000
BoneName: Ear1_R_end
BoneIndex: 72
BoneParentIndex: 71
BoneChildrenCount: 0
1.000000 0.000000 -0.000000 0.000000
0.000000 1.000000 -0.000000 0.000000
-0.000000 -0.000000 1.000000 -0.000000
0.000000 0.001507 -0.000000 1.000000
1.000000 0.000000 0.000000 0.000000
0.000000 1.000000 0.000000 0.000000
0.000000 0.000000 1.000000 0.000000
0.000000 0.000000 0.000000 1.000000
BoneName: HeadQuillTop1_M
BoneIndex: 73
BoneParentIndex: 50
BoneChildrenCount: 1
74
-0.968145 -0.250389 -0.000702 0.000000
0.249591 -0.965277 0.077098 0.000000
-0.019982 0.074467 0.997023 -0.000000
-0.000016 -0.001224 -0.000000 1.000000
-0.000000 0.000000 1.000000 0.000000
-0.170111 0.985425 -0.000000 0.000000
-0.985429 -0.170108 -0.000000 -0.000000
-0.009692 -0.003347 -0.000000 1.000000
BoneName: HeadQuillTop2_M
BoneIndex: 74
BoneParentIndex: 73
BoneChildrenCount: 1
75
0.998278 -0.055068 -0.020188 0.000000
0.052209 0.991157 -0.121992 0.000000
0.026728 0.120728 0.992326 -0.000000
0.000000 0.001908 0.000000 1.000000
-0.000000 0.000000 1.000000 0.000000
-0.170111 0.985425 -0.000000 0.000000
-0.985429 -0.170108 -0.000000 -0.000000
-0.009692 -0.005255 -0.000000 1.000000
BoneName: HeadQuillTop2_M_end
BoneIndex: 75
BoneParentIndex: 74
BoneChildrenCount: 0
1.000000 0.000000 -0.000000 0.000000
0.000000 1.000000 -0.000000 0.000000
-0.000000 -0.000000 1.000000 -0.000000
0.000000 0.001908 -0.000000 1.000000
1.000000 0.000000 0.000000 0.000000
0.000000 1.000000 0.000000 0.000000
0.000000 0.000000 1.000000 0.000000
0.000000 0.000000 0.000000 1.000000
BoneName: HeadQuillSideMid1_L
BoneIndex: 76
BoneParentIndex: 25
BoneChildrenCount: 1
77
-0.556094 0.670633 0.490928 0.000000
-0.658740 -0.715817 0.231662 0.000000
0.506775 -0.194568 0.839835 -0.000000
-0.001069 0.000229 0.001122 1.000000
0.524215 0.205602 0.826394 0.000000
0.418641 0.782840 -0.460327 0.000000
-0.741579 0.587272 0.324303 -0.000000
-0.006573 0.003483 0.001945 1.000000
BoneName: HeadQuillSideMid2_L
BoneIndex: 77
BoneParentIndex: 76
BoneChildrenCount: 1
78
0.885830 0.097484 0.453655 0.000000
-0.033087 0.988464 -0.147799 0.000000
-0.462829 0.115915 0.878836 -0.000000
0.000000 0.001738 -0.000000 1.000000
0.811772 0.205602 0.546584 0.000000
0.198737 0.782841 -0.589631 0.000000
-0.549117 0.587272 0.594627 -0.000000
-0.005240 0.001745 0.004419 1.000000
BoneName: HeadQuillSideMid2_L_end
BoneIndex: 78
BoneParentIndex: 77
BoneChildrenCount: 0
1.000000 0.000000 -0.000000 0.000000
0.000000 1.000000 -0.000000 0.000000
-0.000000 -0.000000 1.000000 -0.000000
0.000000 0.001738 -0.000000 1.000000
1.000000 0.000000 0.000000 0.000000
0.000000 1.000000 0.000000 0.000000
0.000000 0.000000 1.000000 0.000000
0.000000 0.000000 0.000000 1.000000
BoneName: HeadQuillSideMid1_R
BoneIndex: 79
BoneParentIndex: 25
BoneChildrenCount: 1
80
-0.398023 0.708729 -0.582478 0.000000
-0.639268 -0.669671 -0.377991 0.000000
-0.657962 0.221911 0.719612 -0.000000
-0.001069 0.000229 -0.001122 1.000000
-0.524214 -0.205602 0.826394 0.000000
0.418640 0.782840 0.460326 0.000000
-0.741578 0.587273 -0.324302 -0.000000
-0.006573 0.003483 -0.001945 1.000000
BoneName: HeadQuillSideMid2_R
BoneIndex: 80
BoneParentIndex: 79
BoneChildrenCount: 1
81
0.920103 -0.017246 -0.391296 0.000000
0.012906 0.999823 -0.013717 0.000000
0.391463 0.007571 0.920162 -0.000000
0.000000 0.001738 0.000000 1.000000
-0.811770 -0.205602 0.546587 0.000000
0.198738 0.782840 0.589630 0.000000
-0.549118 0.587273 -0.594625 -0.000000
-0.005240 0.001745 -0.004419 1.000000
BoneName: HeadQuillSideMid2_R_end
BoneIndex: 81
BoneParentIndex: 80
BoneChildrenCount: 0
1.000000 0.000000 -0.000000 0.000000
0.000000 1.000000 -0.000000 0.000000
-0.000000 -0.000000 1.000000 -0.000000
0.000000 0.001738 -0.000000 1.000000
1.000000 0.000000 0.000000 0.000000
0.000000 1.000000 0.000000 0.000000
0.000000 0.000000 1.000000 0.000000
0.000000 0.000000 0.000000 1.000000
BoneName: MouthMover_M
BoneIndex: 82
BoneParentIndex: 25
BoneChildrenCount: 2
83
94
-0.814767 -0.392178 -0.427026 0.000000
0.553046 -0.746806 -0.369352 0.000000
-0.174054 -0.537101 0.825365 -0.000000
-0.000325 0.001117 -0.000000 1.000000
-0.427026 -0.369352 0.825365 0.000000
0.903159 -0.218821 0.369352 0.000000
0.044187 0.903158 0.427026 -0.000000
0.000458 0.007272 0.003491 1.000000
BoneName: JawLower_R
BoneIndex: 83
BoneParentIndex: 82
BoneChildrenCount: 5
84
86
88
90
92
0.806262 0.087697 -0.585022 0.000000
-0.331087 0.886445 -0.323414 0.000000
0.490228 0.454449 0.743742 -0.000000
0.000030 0.000341 0.000028 1.000000
-0.859542 -0.452963 0.236667 0.000000
0.492913 -0.612450 0.618013 0.000000
-0.134989 0.647864 0.749699 -0.000000
-0.001073 0.004882 0.005934 1.000000
BoneName: MouthBtm_R
BoneIndex: 84
BoneParentIndex: 83
BoneChildrenCount: 1
85
0.924920 0.002567 -0.380152 0.000000
-0.018419 0.999105 -0.038068 0.000000
0.379715 0.042212 0.924140 -0.000000
-0.000020 0.001069 -0.000041 1.000000
-0.886140 -0.445735 -0.126788 0.000000
0.219394 -0.644508 0.732445 0.000000
-0.408191 0.621232 0.668917 -0.000000
-0.003236 0.003602 0.005283 1.000000
BoneName: MouthBtm_R_end
BoneIndex: 85
BoneParentIndex: 84
BoneChildrenCount: 0
1.000000 0.000000 -0.000000 0.000000
0.000000 1.000000 -0.000000 0.000000
-0.000000 -0.000000 1.000000 -0.000000
0.000000 0.001070 -0.000000 1.000000
1.000000 0.000000 0.000000 0.000000
0.000000 1.000000 0.000000 0.000000
0.000000 0.000000 1.000000 0.000000
0.000000 0.000000 0.000000 1.000000
BoneName: MouthBtmLMid_R
BoneIndex: 86
BoneParentIndex: 83
BoneChildrenCount: 1
87
0.961198 0.211966 0.176548 0.000000
-0.214196 0.976769 -0.006558 0.000000
-0.173836 -0.031513 0.984270 -0.000000
-0.000229 0.001042 -0.000007 1.000000
-0.880420 -0.259882 0.396638 0.000000
0.453077 -0.707855 0.541906 0.000000
0.139931 0.656812 0.740956 -0.000000
0.001051 0.003893 0.005874 1.000000
BoneName: MouthBtmLMid_R_end
BoneIndex: 87
BoneParentIndex: 86
BoneChildrenCount: 0
1.000000 0.000000 -0.000000 0.000000
0.000000 1.000000 -0.000000 0.000000
-0.000000 -0.000000 1.000000 -0.000000
0.000000 0.001067 -0.000000 1.000000
1.000000 0.000000 0.000000 0.000000
0.000000 1.000000 0.000000 0.000000
0.000000 0.000000 1.000000 0.000000
0.000000 0.000000 0.000000 1.000000
BoneName: MouthBtmRMid_R
BoneIndex: 88
BoneParentIndex: 83
BoneChildrenCount: 1
89
0.578389 -0.174568 -0.796864 0.000000
0.174552 0.980695 -0.088145 0.000000
0.796868 -0.088112 0.597694 -0.000000
0.000188 0.001058 -0.000095 1.000000
-0.606668 -0.615114 -0.503576 0.000000
-0.100462 -0.569063 0.816134 0.000000
-0.788581 0.545712 0.283437 -0.000000
-0.006202 0.002999 0.002262 1.000000
BoneName: MouthBtmRMid_R_end
BoneIndex: 89
BoneParentIndex: 88
BoneChildrenCount: 0
1.000000 0.000000 -0.000000 0.000000
0.000000 1.000000 -0.000000 0.000000
-0.000000 -0.000000 1.000000 -0.000000
0.000000 0.001078 -0.000000 1.000000
1.000000 0.000000 0.000000 0.000000
0.000000 1.000000 0.000000 0.000000
0.000000 0.000000 1.000000 0.000000
0.000000 0.000000 0.000000 1.000000
BoneName: TeethLower_R
BoneIndex: 90
BoneParentIndex: 83
BoneChildrenCount: 1
91
-0.632302 0.042803 -0.773539 0.000000
0.001295 0.998530 0.054194 0.000000
0.774721 0.033265 -0.631427 -0.000000
0.000001 0.000883 0.000048 1.000000
0.341031 -0.440584 -0.830411 0.000000
-0.815942 -0.577419 -0.028733 0.000000
-0.466836 0.687366 -0.556408 -0.000000
-0.003703 0.004311 -0.004416 1.000000
BoneName: TeethLower_R_end
BoneIndex: 91
BoneParentIndex: 90
BoneChildrenCount: 0
1.000000 0.000000 -0.000000 0.000000
0.000000 1.000000 -0.000000 0.000000
-0.000000 -0.000000 1.000000 -0.000000
0.000000 0.000884 -0.000000 1.000000
1.000000 0.000000 0.000000 0.000000
0.000000 1.000000 0.000000 0.000000
0.000000 0.000000 1.000000 0.000000
0.000000 0.000000 0.000000 1.000000
BoneName: Tongue_R
BoneIndex: 92
BoneParentIndex: 83
BoneChildrenCount: 1
93
-0.682624 0.152027 -0.714781 0.000000
0.081825 0.987871 0.131967 0.000000
0.726174 0.031597 -0.686785 -0.000000
0.000059 0.000710 0.000095 1.000000
0.348717 -0.486569 -0.801029 0.000000
-0.871328 -0.483132 -0.085853 0.000000
-0.345230 0.727897 -0.592437 -0.000000
-0.002767 0.004799 -0.004701 1.000000
BoneName: Tongue_R_end
BoneIndex: 93
BoneParentIndex: 92
BoneChildrenCount: 0
1.000000 0.000000 -0.000000 0.000000
0.000000 1.000000 -0.000000 0.000000
-0.000000 -0.000000 1.000000 -0.000000
0.000000 0.000719 -0.000000 1.000000
1.000000 0.000000 0.000000 0.000000
0.000000 1.000000 0.000000 0.000000
0.000000 0.000000 1.000000 0.000000
0.000000 0.000000 0.000000 1.000000
BoneName: JawUpper_R
BoneIndex: 94
BoneParentIndex: 82
BoneChildrenCount: 6
95
97
99
101
103
105
0.827641 0.115211 -0.549306 0.000000
-0.321821 0.899249 -0.296280 0.000000
0.459828 0.421992 0.781333 -0.000000
-0.000030 0.000083 -0.000028 1.000000
-0.849355 -0.439253 0.292663 0.000000
0.519393 -0.596862 0.611544 0.000000
-0.093943 0.671425 0.735094 -0.000000
-0.000701 0.005265 0.006008 1.000000
BoneName: MouthLCorner_R
BoneIndex: 95
BoneParentIndex: 94
BoneChildrenCount: 1
96
0.777053 0.206743 0.594514 0.000000
-0.331964 0.937087 0.108017 0.000000
-0.534779 -0.281292 0.796797 -0.000000
-0.000419 0.001183 0.000136 1.000000
-0.576814 -0.098050 0.810969 0.000000
0.643770 -0.665674 0.377409 0.000000
0.502837 0.739771 0.447092 -0.000000
0.004116 0.004553 0.003681 1.000000
BoneName: MouthLCorner_R_end
BoneIndex: 96
BoneParentIndex: 95
BoneChildrenCount: 0
1.000000 0.000000 -0.000000 0.000000
0.000000 1.000000 -0.000000 0.000000
-0.000000 -0.000000 1.000000 -0.000000
0.000000 0.001263 -0.000000 1.000000
1.000000 0.000000 0.000000 0.000000
0.000000 1.000000 0.000000 0.000000
0.000000 0.000000 1.000000 0.000000
0.000000 0.000000 0.000000 1.000000
BoneName: MouthRCorner_R
BoneIndex: 97
BoneParentIndex: 94
BoneChildrenCount: 1
98
0.376464 -0.187965 -0.907163 0.000000
0.333595 0.941019 -0.056542 0.000000
0.864286 -0.281338 0.416964 -0.000000
0.000413 0.001201 -0.000116 1.000000
-0.502680 -0.713234 -0.488477 0.000000
-0.247048 -0.422970 0.871816 0.000000
-0.828420 0.558921 0.036417 -0.000000
-0.006704 0.003105 0.000418 1.000000
BoneName: MouthRCorner_R_end
BoneIndex: 98
BoneParentIndex: 97
BoneChildrenCount: 0
1.000000 0.000000 -0.000000 0.000000
0.000000 1.000000 -0.000000 0.000000
-0.000000 -0.000000 1.000000 -0.000000
0.000000 0.001276 -0.000000 1.000000
1.000000 0.000000 0.000000 0.000000
0.000000 1.000000 0.000000 0.000000
0.000000 0.000000 1.000000 0.000000
0.000000 0.000000 0.000000 1.000000
BoneName: MouthTop_R
BoneIndex: 99
BoneParentIndex: 94
BoneChildrenCount: 1
100
0.959593 0.000691 -0.281392 0.000000
-0.010945 0.999332 -0.034872 0.000000
0.281179 0.036543 0.958959 -0.000000
-0.000014 0.001260 -0.000044 1.000000
-0.897691 -0.439869 0.025779 0.000000
0.325910 -0.623474 0.710678 0.000000
-0.296532 0.646370 0.703046 -0.000000
-0.002359 0.003799 0.005757 1.000000
BoneName: MouthTop_R_end
BoneIndex: 100
BoneParentIndex: 99
BoneChildrenCount: 0
1.000000 0.000000 -0.000000 0.000000
0.000000 1.000000 -0.000000 0.000000
-0.000000 -0.000000 1.000000 -0.000000
0.000000 0.001261 -0.000000 1.000000
1.000000 0.000000 0.000000 0.000000
0.000000 1.000000 0.000000 0.000000
0.000000 0.000000 1.000000 0.000000
0.000000 0.000000 0.000000 1.000000
BoneName: MouthTopLMid_R
BoneIndex: 101
BoneParentIndex: 94
BoneChildrenCount: 1
102
0.918355 0.156865 0.363341 0.000000
-0.172477 0.984955 0.010705 0.000000
-0.356196 -0.072499 0.931595 -0.000000
-0.000217 0.001240 0.000013 1.000000
-0.742577 -0.283018 0.607025 0.000000
0.605559 -0.670919 0.427977 0.000000
0.286141 0.685395 0.669594 -0.000000
0.002365 0.004112 0.005465 1.000000
BoneName: MouthTopLMid_R_end
BoneIndex: 102
BoneParentIndex: 101
BoneChildrenCount: 0
1.000000 0.000000 -0.000000 0.000000
0.000000 1.000000 -0.000000 0.000000
-0.000000 -0.000000 1.000000 -0.000000
0.000000 0.001259 -0.000000 1.000000
1.000000 0.000000 0.000000 0.000000
0.000000 1.000000 0.000000 0.000000
0.000000 0.000000 1.000000 0.000000
0.000000 0.000000 0.000000 1.000000
BoneName: MouthTopRMid_R
BoneIndex: 103
BoneParentIndex: 94
BoneChildrenCount: 1
104
0.644251 -0.155996 -0.748737 0.000000
0.164473 0.984332 -0.063560 0.000000
0.746920 -0.082198 0.659813 -0.000000
0.000208 0.001246 -0.000080 1.000000
-0.697803 -0.590669 -0.405192 0.000000
-0.030158 -0.540954 0.840511 0.000000
-0.715654 0.598731 0.359667 -0.000000
-0.005771 0.003419 0.003008 1.000000
BoneName: MouthTopRMid_R_end
BoneIndex: 104
BoneParentIndex: 103
BoneChildrenCount: 0
1.000000 0.000000 -0.000000 0.000000
0.000000 1.000000 -0.000000 0.000000
-0.000000 -0.000000 1.000000 -0.000000
0.000000 0.001266 -0.000000 1.000000
1.000000 0.000000 0.000000 0.000000
0.000000 1.000000 0.000000 0.000000
