BoneCount: 69
RootBone: 0
BoneName: RootNode
BoneIndex: 0
ParentIndex: -1
BoneChildCount: 4
1
2
3
4
1.000000 0.000000 0.000000 0.000000
0.000000 1.000000 0.000000 0.000000
0.000000 0.000000 1.000000 0.000000
0.000000 0.000000 0.000000 1.000000
1.000000 0.000000 -0.000000 0.000000
0.000000 1.000000 -0.000000 0.000000
-0.000000 -0.000000 1.000000 -0.000000
0.000000 0.000000 -0.000000 1.000000
BoneName: Light
BoneIndex: 1
ParentIndex: 0
BoneChildCount: 0
1.000000 0.000000 0.000000 0.000000
0.000000 1.000000 0.000000 0.000000
0.000000 0.000000 1.000000 0.000000
0.000000 0.000000 0.000000 1.000000
-29.086468 -5.518903 95.517120 0.000000
56.639324 79.467232 21.839117 0.000000
-77.110085 60.452473 -19.988337 -0.000000
4.076245 5.903862 1.005454 1.000000
BoneName: Camera
BoneIndex: 2
ParentIndex: 0
BoneChildCount: 0
1.000000 0.000000 0.000000 0.000000
0.000000 1.000000 0.000000 0.000000
0.000000 0.000000 1.000000 0.000000
0.000000 0.000000 0.000000 1.000000
-65.155800 -44.527134 61.417068 0.000000
-32.401348 89.539574 30.542082 0.000000
-68.592087 -0.000018 -72.767609 -0.000000
7.358891 4.958309 -6.925791 1.000000
BoneName: KagamineLen
BoneIndex: 3
ParentIndex: 0
BoneChildCount: 0
1.000000 0.000000 0.000000 0.000000
0.000000 1.000000 0.000000 0.000000
0.000000 0.000000 1.000000 0.000000
0.000000 0.000000 0.000000 1.000000
100.000000 0.000000 -0.000000 0.000000
0.000000 100.000000 -0.000000 0.000000
-0.000000 -0.000000 100.000000 -0.000000
0.000000 0.000000 -0.000000 1.000000
BoneName: mixamorig:Hips
BoneIndex: 4
ParentIndex: 0
BoneChildCount: 3
5
59
64
100.000000 0.000000 -0.000000 0.000000
0.000000 100.000000 0.000008 0.000000
-0.000000 -0.000008 100.000000 -0.000000
0.000000 -118.483894 3.176411 1.000000
1.000000 0.000000 -0.000000 0.000000
0.000000 1.000000 -0.000000 0.000000
-0.000000 -0.000000 1.000000 -0.000000
0.000000 118.483894 -3.176411 1.000000
BoneName: mixamorig:Spine
BoneIndex: 5
ParentIndex: 4
BoneChildCount: 1
6
100.000000 0.000000 -0.000000 0.000000
0.000000 99.980087 -1.995707 0.000000
-0.000000 1.995707 99.980087 -0.000000
0.000000 -127.700409 5.540378 1.000000
1.000000 0.000000 -0.000000 0.000000
0.000000 0.999801 0.019957 0.000000
-0.000000 -0.019957 0.999801 -0.000000
0.000000 9.301650 0.185671 1.000000
BoneName: mixamorig:Spine1
BoneIndex: 6
ParentIndex: 5
BoneChildCount: 1
7
100.000000 0.000000 -0.000000 0.000000
0.000000 99.980087 -1.995705 0.000000
-0.000000 1.995705 99.980087 -0.000000
0.000000 -138.554489 5.540376 1.000000
1.000000 0.000000 -0.000000 0.000000
0.000000 1.000000 -0.000000 0.000000
-0.000000 -0.000000 1.000000 -0.000000
0.000000 10.854086 0.000000 1.000000
BoneName: mixamorig:Spine2
BoneIndex: 7
ParentIndex: 6
BoneChildCount: 3
8
11
35
100.000000 0.000000 -0.000000 0.000000
0.000000 99.980087 -1.995705 0.000000
-0.000000 1.995705 99.980087 -0.000000
0.000000 -150.959167 5.540376 1.000000
1.000000 0.000000 -0.000000 0.000000
0.000000 1.000000 -0.000000 0.000000
-0.000000 -0.000000 1.000000 -0.000000
0.000000 12.404677 0.000000 1.000000
BoneName: mixamorig:Neck
BoneIndex: 8
ParentIndex: 7
BoneChildCount: 1
9
100.000000 0.000000 -0.000000 0.000000
0.000000 100.000000 0.000008 0.000000
-0.000000 -0.000008 100.000000 -0.000000
0.000000 -164.992142 2.248055 1.000000
1.000000 0.000000 -0.000000 0.000000
0.000000 0.999801 -0.019957 0.000000
-0.000000 0.019957 0.999801 -0.000000
0.000000 13.955250 0.000000 1.000000
BoneName: mixamorig:Head
BoneIndex: 9
ParentIndex: 8
BoneChildCount: 1
10
100.000000 0.000000 -0.000000 0.000000
0.000000 100.000000 0.000008 0.000000
-0.000000 -0.000008 100.000000 -0.000000
0.000000 -172.100861 2.958099 1.000000
1.000000 0.000000 -0.000000 0.000000
0.000000 1.000000 -0.000000 0.000000
-0.000000 -0.000000 1.000000 -0.000000
0.000000 7.108711 -0.710044 1.000000
BoneName: mixamorig:HeadTop_End
BoneIndex: 10
ParentIndex: 9
BoneChildCount: 0
1.000000 0.000000 0.000000 0.000000
0.000000 1.000000 0.000000 0.000000
0.000000 0.000000 1.000000 0.000000
0.000000 0.000000 0.000000 1.000000
1.000000 0.000000 -0.000000 0.000000
0.000000 1.000000 -0.000000 0.000000
-0.000000 -0.000000 1.000000 -0.000000
0.000000 29.848827 -2.981407 1.000000
BoneName: mixamorig:LeftShoulder
BoneIndex: 11
ParentIndex: 7
BoneChildCount: 1
12
-2.057177 87.366211 48.609806 0.000000
-1.998703 -48.646317 87.347244 0.000000
99.958855 0.825322 2.746932 -0.000000
5.544368 75.923203 -144.038696 1.000000
-0.020572 -0.000034 0.999788 0.000000
0.873662 -0.486201 0.017960 0.000000
0.486098 0.873847 0.010032 -0.000000
3.799764 11.822742 0.078589 1.000000
BoneName: mixamorig:LeftArm
BoneIndex: 12
ParentIndex: 11
BoneChildCount: 1
13
-1.771333 88.731300 46.082737 0.000000
-2.157846 -46.113159 88.706932 0.000000
99.961021 0.576901 2.731503 -0.000000
5.764180 63.016624 -145.906967 1.000000
0.999995 0.003272 -0.000000 0.000000
-0.003270 0.999583 0.028694 0.000000
0.000094 -0.028694 0.999588 -0.000000
0.000000 8.727397 -0.000000 1.000000
BoneName: mixamorig:LeftForeArm
BoneIndex: 13
ParentIndex: 12
BoneChildCount: 1
14
0.913866 85.675446 51.564358 0.000000
-3.551920 -51.506157 85.641693 0.000000
99.932724 -2.614175 2.572426 -0.000000
6.852962 44.976746 -143.365646 1.000000
0.999542 0.030253 -0.000000 0.000000
-0.030193 0.997570 -0.062793 0.000000
-0.001900 0.062765 0.998027 -0.000000
-0.000000 26.940163 0.000000 1.000000
BoneName: mixamorig:LeftHand
BoneIndex: 14
ParentIndex: 13
BoneChildCount: 5
15
19
23
27
31
-11.008039 96.526970 23.693203 0.000000
-10.770833 -24.856209 96.260887 0.000000
98.806946 8.044480 13.132939 -0.000000
23.362484 -23.638819 -140.740295 1.000000
0.990224 -0.064665 -0.123588 0.000000
0.098041 0.952921 0.286932 0.000000
0.099215 -0.296243 0.949945 -0.000000
-0.000000 27.320026 -0.000000 1.000000
BoneName: mixamorig:LeftHandThumb1
BoneIndex: 15
ParentIndex: 14
BoneChildCount: 1
16
29.267433 80.439117 51.700729 0.000000
-19.961981 -47.737148 85.572685 0.000000
93.514366 -35.365417 2.085803 -0.000000
12.390812 11.578171 -143.367691 1.000000
0.913270 0.407355 -0.000000 0.000000
-0.386566 0.866661 -0.315381 0.000000
-0.128472 0.288028 0.948965 -0.000000
-1.896693 2.573298 -1.037826 1.000000
BoneName: mixamorig:LeftHandThumb2
BoneIndex: 16
ParentIndex: 15
BoneChildCount: 1
17
29.267433 72.822784 61.969826 0.000000
-19.961981 -58.726532 78.439232 0.000000
93.514366 -35.327557 -2.650879 -0.000000
12.937967 27.992088 -140.892746 1.000000
1.000000 0.000000 -0.000000 0.000000
0.000000 0.991061 -0.133408 0.000000
-0.000000 0.133408 0.991061 -0.000000
-0.547156 2.632549 0.000000 1.000000
BoneName: mixamorig:LeftHandThumb3
BoneIndex: 17
ParentIndex: 16
BoneChildCount: 1
18
29.267433 59.663773 74.723831 0.000000
-19.961981 -72.611526 65.795792 0.000000
93.514366 -34.173096 -9.341459 -0.000000
12.804238 51.880318 -133.446426 1.000000
1.000000 0.000000 -0.000000 0.000000
0.000000 0.981636 -0.190765 0.000000
-0.000000 0.190765 0.981636 -0.000000
0.133729 2.521426 -0.000000 1.000000
BoneName: mixamorig:LeftHandThumb4
BoneIndex: 18
ParentIndex: 17
BoneChildCount: 0
1.000000 0.000000 0.000000 0.000000
0.000000 1.000000 0.000000 0.000000
0.000000 0.000000 1.000000 0.000000
0.000000 0.000000 0.000000 1.000000
1.000000 0.000000 -0.000000 0.000000
0.000000 1.000000 -0.000000 0.000000
-0.000000 -0.000000 1.000000 -0.000000
0.413427 2.133573 -0.000000 1.000000
BoneName: mixamorig:LeftHandIndex1
BoneIndex: 19
ParentIndex: 14
BoneChildCount: 1
20
-2.390582 91.971863 39.184971 0.000000
-12.936096 -39.151226 91.103455 0.000000
99.130936 -2.891103 12.833510 -0.000000
22.968185 -10.954094 -144.661163 1.000000
0.996047 0.088824 -0.000000 0.000000
-0.087640 0.982766 -0.162759 0.000000
-0.014457 0.162116 0.986666 -0.000000
-2.566293 8.538230 0.209036 1.000000
BoneName: mixamorig:LeftHandIndex2
BoneIndex: 20
ParentIndex: 19
BoneChildCount: 1
21
-2.390582 73.299385 67.981506 0.000000
-12.936096 -67.656044 72.493561 0.000000
99.130936 -7.061135 11.099453 -0.000000
22.871506 36.329590 -140.663300 1.000000
1.000000 0.000000 -0.000000 0.000000
0.000000 0.941071 -0.338208 0.000000
-0.000000 0.338208 0.941071 -0.000000
0.096680 2.430687 0.000000 1.000000
BoneName: mixamorig:LeftHandIndex3
BoneIndex: 21
ParentIndex: 20
BoneChildCount: 1
22
-2.390582 66.041153 75.052330 0.000000
-12.936096 -74.646965 65.272415 0.000000
99.130936 -8.148451 10.327644 -0.000000
22.904509 48.108234 -136.494492 1.000000
1.000000 0.000000 -0.000000 0.000000
0.000000 0.994863 -0.101229 0.000000
-0.000000 0.101229 0.994863 -0.000000
-0.033003 2.285691 0.000000 1.000000
BoneName: mixamorig:LeftHandIndex4
BoneIndex: 22
ParentIndex: 21
BoneChildCount: 0
1.000000 0.000000 0.000000 0.000000
0.000000 1.000000 0.000000 0.000000
0.000000 0.000000 1.000000 0.000000
0.000000 0.000000 0.000000 1.000000
1.000000 0.000000 -0.000000 0.000000
0.000000 1.000000 -0.000000 0.000000
-0.000000 -0.000000 1.000000 -0.000000
-0.063677 2.074236 -0.000000 1.000000
BoneName: mixamorig:LeftHandMiddle1
BoneIndex: 23
ParentIndex: 14
BoneChildCount: 1
24
-3.198683 86.196007 50.596607 0.000000
-12.737594 -50.561295 85.330589 0.000000
99.133858 -3.715336 12.596592 -0.000000
21.426022 7.607204 -144.912170 1.000000
0.996752 0.080533 -0.000000 0.000000
-0.077136 0.954711 -0.287361 0.000000
-0.023142 0.286428 0.957822 -0.000000
-0.760712 8.879832 0.245833 1.000000
BoneName: mixamorig:LeftHandMiddle2
BoneIndex: 24
ParentIndex: 23
BoneChildCount: 1
25
-3.198683 77.100876 63.602074 0.000000
-12.737594 -63.430225 76.251953 0.000000
99.133858 -5.662315 11.849728 -0.000000
21.386028 28.222843 -142.238068 1.000000
1.000000 0.000000 -0.000000 0.000000
0.000000 0.987394 -0.158282 0.000000
-0.000000 0.158282 0.987394 -0.000000
0.039995 2.253885 0.000000 1.000000
BoneName: mixamorig:LeftHandMiddle3
BoneIndex: 25
ParentIndex: 24
BoneChildCount: 1
26
-3.198683 74.247116 66.911392 0.000000
-12.737594 -66.702606 73.406517 0.000000
99.133858 -6.174860 11.590899 -0.000000
21.398310 31.990574 -140.974472 1.000000
1.000000 0.000000 -0.000000 0.000000
0.000000 0.999044 -0.043710 0.000000
-0.000000 0.043710 0.999044 -0.000000
-0.012284 2.424897 -0.000000 1.000000
BoneName: mixamorig:LeftHandMiddle4
BoneIndex: 26
ParentIndex: 25
BoneChildCount: 0
1.000000 0.000000 0.000000 0.000000
0.000000 1.000000 0.000000 0.000000
0.000000 0.000000 1.000000 0.000000
0.000000 0.000000 0.000000 1.000000
1.000000 0.000000 -0.000000 0.000000
0.000000 1.000000 -0.000000 0.000000
-0.000000 -0.000000 1.000000 -0.000000
-0.027711 2.132300 0.000000 1.000000
BoneName: mixamorig:LeftHandRing1
BoneIndex: 27
ParentIndex: 14
BoneChildCount: 1
28
-1.030426 79.427330 60.747330 0.000000
-13.268096 -60.321991 78.646141 0.000000
99.110527 -7.249624 11.160067 -0.000000
18.961826 24.433201 -143.300278 1.000000
0.994706 0.102762 -0.000000 0.000000
-0.094093 0.910794 -0.401997 0.000000
-0.041310 0.399869 0.915641 -0.000000
0.880294 9.460320 0.293385 1.000000
BoneName: mixamorig:LeftHandRing2
BoneIndex: 28
ParentIndex: 27
BoneChildCount: 1
29
-1.030426 61.220909 79.062874 0.000000
-13.268096 -78.451660 60.574703 0.000000
99.110527 -9.865961 8.931234 -0.000000
18.913883 58.210384 -132.822128 1.000000
1.000000 0.000000 -0.000000 0.000000
0.000000 0.966650 -0.256102 0.000000
-0.000000 0.256102 0.966650 -0.000000
0.047945 2.180140 0.000000 1.000000
BoneName: mixamorig:LeftHandRing3
BoneIndex: 29
ParentIndex: 28
BoneChildCount: 1
30
-1.030426 69.140152 72.239723 0.000000
-13.268096 -71.699303 68.433670 0.000000
99.110527 -8.879677 9.912390 -0.000000
18.955431 42.067009 -137.967590 1.000000
1.000000 0.000000 -0.000000 0.000000
0.000000 0.994536 0.104395 0.000000
-0.000000 -0.104395 0.994536 -0.000000
-0.041548 1.970119 -0.000000 1.000000
BoneName: mixamorig:LeftHandRing4
BoneIndex: 30
ParentIndex: 29
BoneChildCount: 0
1.000000 0.000000 0.000000 0.000000
0.000000 1.000000 0.000000 0.000000
0.000000 0.000000 1.000000 0.000000
0.000000 0.000000 0.000000 1.000000
1.000000 0.000000 -0.000000 0.000000
0.000000 1.000000 -0.000000 0.000000
-0.000000 -0.000000 1.000000 -0.000000
-0.006397 1.743200 0.000000 1.000000
BoneName: mixamorig:LeftHandPinky1
BoneIndex: 31
ParentIndex: 14
BoneChildCount: 1
32
-0.529225 90.141251 43.292896 0.000000
-13.389765 -42.967518 89.300095 0.000000
99.098106 -5.324219 12.297096 -0.000000
17.352186 -4.037986 -144.991791 1.000000
0.994163 0.107893 -0.000000 0.000000
-0.105555 0.972624 -0.207028 0.000000
-0.022337 0.205819 0.978335 -0.000000
2.446712 8.258570 0.274279 1.000000
BoneName: mixamorig:LeftHandPinky2
BoneIndex: 32
ParentIndex: 31
BoneChildCount: 1
33
-0.529225 47.680412 87.899361 0.000000
-13.389765 -87.142830 47.189419 0.000000
99.098106 -11.519780 6.845476 -0.000000
17.205292 79.843773 -121.191483 1.000000
1.000000 0.000000 -0.000000 0.000000
0.000000 0.810362 -0.585930 0.000000
-0.000000 0.585930 0.810362 -0.000000
0.146893 2.269405 0.000000 1.000000
BoneName: mixamorig:LeftHandPinky3
BoneIndex: 33
ParentIndex: 32
BoneChildCount: 1
34
-0.529225 47.407803 88.046692 0.000000
-13.389765 -87.288643 46.919155 0.000000
99.098106 -11.540937 6.809746 -0.000000
17.280827 78.439728 -120.948997 1.000000
1.000000 0.000000 -0.000000 0.000000
0.000000 0.999995 -0.003099 0.000000
-0.000000 0.003099 0.999995 -0.000000
-0.075533 1.779212 -0.000000 1.000000
BoneName: mixamorig:LeftHandPinky4
BoneIndex: 34
ParentIndex: 33
BoneChildCount: 0
1.000000 0.000000 0.000000 0.000000
0.000000 1.000000 0.000000 0.000000
0.000000 0.000000 1.000000 0.000000
0.000000 0.000000 0.000000 1.000000
1.000000 0.000000 -0.000000 0.000000
0.000000 1.000000 -0.000000 0.000000
-0.000000 -0.000000 1.000000 -0.000000
-0.071360 1.667079 -0.000000 1.000000
BoneName: mixamorig:RightShoulder
BoneIndex: 35
ParentIndex: 7
BoneChildCount: 1
36
-0.167707 -87.366241 -48.652969 0.000000
1.997410 -48.646259 87.347305 0.000000
-99.979912 -0.825312 1.826645 -0.000000
-5.542947 75.886002 -144.059479 1.000000
-0.001677 0.000017 -0.999999 0.000000
-0.873663 -0.486530 0.001457 0.000000
-0.486530 0.873664 0.000831 -0.000000
-3.799764 11.821303 0.006574 1.000000
BoneName: mixamorig:RightArm
BoneIndex: 36
ParentIndex: 35
BoneChildCount: 1
37
-1.833222 -88.727104 -46.088394 0.000000
1.069657 -46.110905 88.727898 0.000000
-99.977470 1.133592 1.794391 -0.000000
-4.261631 63.027889 -145.957047 1.000000
0.999818 0.019064 -0.000000 0.000000
-0.019056 0.999394 0.029124 0.000000
0.000555 -0.029119 0.999576 -0.000000
-0.000000 8.727397 -0.000000 1.000000
BoneName: mixamorig:RightForeArm
BoneIndex: 37
ParentIndex: 36
BoneChildCount: 1
38
0.906809 -85.686554 -51.546024 0.000000
2.492670 -51.512756 85.675095 0.000000
-99.964813 -2.061782 1.668760 -0.000000
-5.373651 44.992081 -143.424866 1.000000
0.999523 -0.030872 -0.000000 0.000000
0.030811 0.997568 -0.062516 0.000000
0.001930 0.062487 0.998044 -0.000000
-0.000000 26.941444 0.000000 1.000000
BoneName: mixamorig:RightHand
BoneIndex: 38
ParentIndex: 37
BoneChildCount: 5
39
43
47
51
55
-10.583978 -96.711884 -23.125561 0.000000
15.393240 -24.569342 95.704735 0.000000
-98.239647 6.569594 17.487505 -0.000000
-29.121767 -24.171824 -139.569473 1.000000
0.984928 0.031650 0.170044 0.000000
-0.080567 0.953900 0.289110 0.000000
-0.153055 -0.298452 0.942073 -0.000000
0.000000 27.316496 0.000001 1.000000
BoneName: mixamorig:RightHandThumb1
BoneIndex: 39
ParentIndex: 38
BoneChildCount: 1
40
21.828644 -82.655518 -51.880398 0.000000
22.620604 -47.428974 85.081146 0.000000
-94.930595 -30.307718 8.344076 -0.000000
-20.402710 10.197413 -142.662048 1.000000
0.944312 -0.329052 -0.000000 0.000000
0.312216 0.895996 -0.315773 0.000000
0.103906 0.298188 0.948835 -0.000000
1.784350 2.517900 -0.986689 1.000000
BoneName: mixamorig:RightHandThumb2
BoneIndex: 40
ParentIndex: 39
BoneChildCount: 1
41
21.828644 -71.568802 -66.343178 0.000000
22.620604 -62.420338 74.779739 0.000000
-94.930595 -31.330631 2.563781 -0.000000
-21.087877 34.087181 -138.743576 1.000000
1.000000 0.000000 -0.000000 0.000000
0.000000 0.982565 -0.185920 0.000000
-0.000000 0.185920 0.982565 -0.000000
0.685168 2.499766 0.000000 1.000000
BoneName: mixamorig:RightHandThumb3
BoneIndex: 41
ParentIndex: 40
BoneChildCount: 1
42
21.828644 -62.680664 -74.797356 0.000000
22.620604 -71.308319 66.358360 0.000000
-94.930595 -31.404745 -1.386894 -0.000000
-21.134111 48.633636 -133.698715 1.000000
1.000000 0.000000 -0.000000 0.000000
0.000000 0.992100 -0.125450 0.000000
-0.000000 0.125450 0.992100 -0.000000
0.046233 2.610230 0.000000 1.000000
BoneName: mixamorig:RightHandThumb4
BoneIndex: 42
ParentIndex: 41
BoneChildCount: 0
1.000000 0.000000 0.000000 0.000000
0.000000 1.000000 0.000000 0.000000
0.000000 0.000000 1.000000 0.000000
0.000000 0.000000 0.000000 1.000000
1.000000 0.000000 -0.000000 0.000000
0.000000 1.000000 -0.000000 0.000000
-0.000000 -0.000000 1.000000 -0.000000
-0.731401 2.185315 -0.000000 1.000000
BoneName: mixamorig:RightHandIndex1
BoneIndex: 43
ParentIndex: 38
BoneChildCount: 1
44
-8.820973 -90.954628 -40.613369 0.000000
15.838126 -41.534286 89.577103 0.000000
-98.342995 1.469176 18.069237 -0.000000
-31.128824 -6.589072 -143.460022 1.000000
0.999834 -0.018211 -0.000000 0.000000
0.017898 0.982652 -0.184596 0.000000
0.003362 0.184565 0.982814 -0.000000
2.602104 8.213775 0.208800 1.000000
BoneName: mixamorig:RightHandIndex2
BoneIndex: 44
ParentIndex: 43
BoneChildCount: 1
45
-8.820973 -76.810684 -63.421673 0.000000
15.838126 -63.941402 75.237297 0.000000
-98.342995 -3.408142 17.805628 -0.000000
-31.095261 29.550053 -140.676956 1.000000
1.000000 0.000000 -0.000000 0.000000
0.000000 0.963704 -0.266973 0.000000
-0.000000 0.266973 0.963704 -0.000000
-0.033564 2.490330 -0.000000 1.000000
BoneName: mixamorig:RightHandIndex3
BoneIndex: 45
ParentIndex: 44
BoneChildCount: 1
46
-8.820973 -77.820786 -62.178097 0.000000
15.838126 -62.723064 76.255959 0.000000
-98.342995 -3.121328 17.858139 -0.000000
-31.115246 24.937595 -141.096298 1.000000
1.000000 0.000000 -0.000000 0.000000
0.000000 0.999871 0.016083 0.000000
-0.000000 -0.016083 0.999871 -0.000000
0.019985 2.346387 0.000000 1.000000
BoneName: mixamorig:RightHandIndex4
BoneIndex: 46
ParentIndex: 45
BoneChildCount: 0
1.000000 0.000000 0.000000 0.000000
0.000000 1.000000 0.000000 0.000000
0.000000 0.000000 1.000000 0.000000
0.000000 0.000000 0.000000 1.000000
1.000000 0.000000 -0.000000 0.000000
0.000000 1.000000 -0.000000 0.000000
-0.000000 -0.000000 1.000000 -0.000000
0.013579 2.084422 -0.000000 1.000000
BoneName: mixamorig:RightHandMiddle1
BoneIndex: 47
ParentIndex: 38
BoneChildCount: 1
48
-8.306139 -86.246895 -49.924751 0.000000
15.966912 -50.602428 84.761147 0.000000
-98.366997 -0.931062 17.974075 -0.000000
-29.102861 7.802630 -143.665207 1.000000
0.999723 -0.023523 -0.000000 0.000000
0.022537 0.957825 -0.286467 0.000000
0.006738 0.286387 0.958090 -0.000000
0.765273 8.813941 0.309952 1.000000
BoneName: mixamorig:RightHandMiddle2
BoneIndex: 48
ParentIndex: 47
BoneChildCount: 1
49
-8.306139 -71.149826 -69.776146 0.000000
15.966912 -70.063698 69.542336 0.000000
-98.366997 -5.364813 17.180017 -0.000000
-29.075628 40.899990 -137.826035 1.000000
1.000000 0.000000 -0.000000 0.000000
0.000000 0.968684 -0.248297 0.000000
-0.000000 0.248297 0.968684 -0.000000
-0.027231 2.405252 0.000000 1.000000
BoneName: mixamorig:RightHandMiddle3
BoneIndex: 49
ParentIndex: 48
BoneChildCount: 1
50
-8.306139 -79.504326 -60.083862 0.000000
15.966912 -60.575024 77.946930 0.000000
-98.366997 -3.119157 17.725832 -0.000000
-29.103283 20.456520 -141.614746 1.000000
1.000000 0.000000 -0.000000 0.000000
0.000000 0.991756 0.128139 0.000000
-0.000000 -0.128139 0.991756 -0.000000
0.027653 2.465739 -0.000000 1.000000
BoneName: mixamorig:RightHandMiddle4
BoneIndex: 50
ParentIndex: 49
BoneChildCount: 0
1.000000 0.000000 0.000000 0.000000
0.000000 1.000000 0.000000 0.000000
0.000000 0.000000 1.000000 0.000000
0.000000 0.000000 0.000000 1.000000
1.000000 0.000000 -0.000000 0.000000
0.000000 1.000000 -0.000000 0.000000
-0.000000 -0.000000 1.000000 -0.000000
-0.000423 2.262206 -0.000000 1.000000
BoneName: mixamorig:RightHandRing1
BoneIndex: 51
ParentIndex: 38
BoneChildCount: 1
52
-0.111866 -81.122131 -58.473816 0.000000
17.948574 -57.540558 79.793060 0.000000
-98.375992 -10.405955 14.624635 -0.000000
-24.346064 19.543606 -143.168091 1.000000
0.994189 -0.107646 -0.000000 0.000000
0.099514 0.919084 -0.381288 0.000000
0.041044 0.379073 0.924456 -0.000000
-0.985830 9.516327 0.234896 1.000000
BoneName: mixamorig:RightHandRing2
BoneIndex: 52
ParentIndex: 51
BoneChildCount: 1
53
-0.111866 -61.604050 -78.771370 0.000000
17.948574 -77.504585 60.587856 0.000000
-98.375992 -14.070560 11.143751 -0.000000
-24.310549 56.637505 -132.636932 1.000000
1.000000 0.000000 -0.000000 0.000000
0.000000 0.960353 -0.278788 0.000000
-0.000000 0.278788 0.960353 -0.000000
-0.035515 2.129224 -0.000000 1.000000
BoneName: mixamorig:RightHandRing3
BoneIndex: 53
ParentIndex: 52
BoneChildCount: 1
54
-0.111866 -75.300751 -65.801094 0.000000
17.948574 -64.747681 74.064743 0.000000
-98.375992 -11.727506 13.587843 -0.000000
-24.352724 28.755013 -140.537277 1.000000
1.000000 0.000000 -0.000000 0.000000
0.000000 0.982209 0.187793 0.000000
-0.000000 -0.187793 0.982209 -0.000000
0.042175 2.002151 -0.000000 1.000000
BoneName: mixamorig:RightHandRing4
BoneIndex: 54
ParentIndex: 53
BoneChildCount: 0
1.000000 0.000000 0.000000 0.000000
0.000000 1.000000 0.000000 0.000000
0.000000 0.000000 1.000000 0.000000
0.000000 0.000000 0.000000 1.000000
1.000000 0.000000 -0.000000 0.000000
0.000000 1.000000 -0.000000 0.000000
-0.000000 -0.000000 1.000000 -0.000000
-0.006659 1.732575 0.000000 1.000000
BoneName: mixamorig:RightHandPinky1
BoneIndex: 55
ParentIndex: 38
BoneChildCount: 1
56
-8.603798 -90.655312 -41.322983 0.000000
15.892513 -42.194515 89.258339 0.000000
-98.353455 1.112347 18.037739 -0.000000
-26.070274 -5.526873 -143.574600 1.000000
0.999791 -0.020452 -0.000000 0.000000
0.020071 0.981144 -0.192231 0.000000
0.003932 0.192191 0.981350 -0.000000
-2.381547 8.311324 0.264993 1.000000
BoneName: mixamorig:RightHandPinky2
BoneIndex: 56
ParentIndex: 55
BoneChildCount: 1
57
-8.603798 -42.289890 -90.208313 0.000000
15.892513 -89.967239 40.661091 0.000000
-98.353455 -10.837970 14.461526 -0.000000
-25.974915 87.065018 -114.430260 1.000000
1.000000 0.000000 -0.000000 0.000000
0.000000 0.761787 -0.647827 0.000000
-0.000000 0.647827 0.761787 -0.000000
-0.095361 2.279181 -0.000000 1.000000
BoneName: mixamorig:RightHandPinky3
BoneIndex: 57
ParentIndex: 56
BoneChildCount: 1
58
-8.603798 -41.445427 -90.599403 0.000000
15.892513 -90.343117 39.818951 0.000000
-98.353455 -10.972580 14.359659 -0.000000
-26.029209 86.401413 -113.628159 1.000000
1.000000 0.000000 -0.000000 0.000000
0.000000 0.999956 -0.009341 0.000000
-0.000000 0.009341 0.999956 -0.000000
0.054296 1.728750 -0.000000 1.000000
BoneName: mixamorig:RightHandPinky4
BoneIndex: 58
ParentIndex: 57
BoneChildCount: 0
1.000000 0.000000 0.000000 0.000000
0.000000 1.000000 0.000000 0.000000
0.000000 0.000000 1.000000 0.000000
0.000000 0.000000 0.000000 1.000000
1.000000 0.000000 -0.000000 0.000000
0.000000 1.000000 -0.000000 0.000000
-0.000000 -0.000000 1.000000 -0.000000
0.041065 1.572599 0.000000 1.000000
BoneName: mixamorig:LeftUpLeg
BoneIndex: 59
ParentIndex: 4
BoneChildCount: 1
60
-99.999756 0.220642 -0.000000 0.000000
-0.220546 -99.956451 -2.942655 0.000000
-0.006493 -2.942648 99.956696 -0.000000
8.528747 113.165047 5.966189 1.000000
-0.999998 -0.002205 -0.000065 0.000000
0.002206 -0.999565 -0.029427 0.000000
-0.000000 -0.029427 0.999567 -0.000000
8.279037 -5.173759 0.543416 1.000000
BoneName: mixamorig:LeftLeg
BoneIndex: 60
ParentIndex: 59
BoneChildCount: 1
61
-99.942802 3.378954 -0.138701 0.000000
-3.380335 -99.936150 1.157109 0.000000
-0.099515 1.161136 99.993210 -0.000000
10.456775 61.017109 3.466545 1.000000
0.999500 0.031613 -0.000000 0.000000
-0.031586 0.998659 0.041014 0.000000
0.001297 -0.040994 0.999159 -0.000000
0.000000 52.041286 0.000000 1.000000
BoneName: mixamorig:LeftFoot
BoneIndex: 61
ParentIndex: 60
BoneChildCount: 1
62
-99.180878 -8.218656 9.777863 0.000000
-3.209772 -58.057415 -81.357445 0.000000
12.363262 -81.004875 57.318058 -0.000000
10.807279 3.715986 9.145117 1.000000
0.992203 0.000000 0.124628 0.000000
0.102571 0.568021 -0.816598 0.000000
-0.070792 0.823014 0.563592 -0.000000
-0.000000 51.379787 0.000000 1.000000
BoneName: mixamorig:LeftToeBase
BoneIndex: 62
ParentIndex: 61
BoneChildCount: 1
63
-98.579948 0.501580 -16.785170 0.000000
16.678806 -8.695312 -98.215118 0.000000
-1.952151 -99.619980 8.488176 -0.000000
8.257833 -14.543355 4.674299 1.000000
0.969958 -0.000000 -0.243274 0.000000
-0.125346 0.857041 -0.499769 0.000000
0.208496 0.515248 0.831293 -0.000000
0.000000 13.771812 -0.000000 1.000000
BoneName: mixamorig:LeftToe_End
BoneIndex: 63
ParentIndex: 62
BoneChildCount: 0
1.000000 0.000000 0.000000 0.000000
0.000000 1.000000 0.000000 0.000000
0.000000 0.000000 1.000000 0.000000
0.000000 0.000000 0.000000 1.000000
1.000000 0.000000 -0.000000 0.000000
0.000000 1.000000 -0.000000 0.000000
-0.000000 -0.000000 1.000000 -0.000000
-0.000000 7.536678 0.000000 1.000000
BoneName: mixamorig:RightUpLeg
BoneIndex: 64
ParentIndex: 4
BoneChildCount: 1
65
-99.999756 -0.220667 -0.000000 0.000000
0.220596 -99.967773 -2.528852 0.000000
0.005580 -2.528846 99.968018 -0.000000
-8.528814 113.182693 5.737879 1.000000
-0.999998 0.002206 0.000056 0.000000
-0.002207 -0.999678 -0.025289 0.000000
-0.000000 -0.025289 0.999680 -0.000000
-8.279037 -5.173759 0.303067 1.000000
BoneName: mixamorig:RightLeg
BoneIndex: 65
ParentIndex: 64
BoneChildCount: 1
66
-99.942818 -3.378969 0.123440 0.000000
3.380141 -99.936577 1.120332 0.000000
0.085506 1.123864 99.993645 -0.000000
-10.457220 61.016098 3.512675 1.000000
0.999500 -0.031607 -0.000000 0.000000
0.031586 0.998834 0.036508 0.000000
-0.001154 -0.036489 0.999333 -0.000000
-0.000000 52.035389 -0.000000 1.000000
BoneName: mixamorig:RightFoot
BoneIndex: 66
ParentIndex: 65
BoneChildCount: 1
67
-99.151840 8.319196 -9.985138 0.000000
3.210809 -58.767639 -80.845871 0.000000
-12.593757 -80.480774 58.002083 -0.000000
-10.818205 3.780085 9.123179 1.000000
0.991929 0.000000 -0.126794 0.000000
-0.103697 0.575448 -0.811238 0.000000
0.072963 0.817839 0.570803 -0.000000
-0.000000 51.379562 0.000000 1.000000
BoneName: mixamorig:RightToeBase
BoneIndex: 67
ParentIndex: 66
BoneChildCount: 1
68
-98.589745 -0.501290 16.727545 0.000000
-16.621519 -8.690226 -98.225281 0.000000
1.946055 -99.620422 8.484349 -0.000000
-8.263883 -14.381989 4.654998 1.000000
0.969748 0.000000 0.244109 0.000000
0.127640 0.852406 -0.507062 0.000000
-0.208080 0.522880 0.826619 -0.000000
0.000000 13.605377 -0.000000 1.000000
BoneName: mixamorig:RightToe_End
BoneIndex: 68
ParentIndex: 67
BoneChildCount: 0
1.000000 0.000000 0.000000 0.000000
0.000000 1.000000 0.000000 0.000000
0.000000 0.000000 1.000000 0.000000
0.000000 0.000000 0.000000 1.000000
1.000000 0.000000 -0.000000 0.000000
0.000000 1.000000 -0.000000 0.000000
-0.000000 -0.000000 1.000000 -0.000000
-0.000000 7.541086 -0.000000 1.000000
